512
1.000000
0.998043
0.996086
0.994129
0.992172
0.990215
0.988258
0.986301
0.984344
0.982387
0.980431
0.978474
0.976517
0.974560
0.972603
0.970646
0.968689
0.966732
0.964775
0.962818
0.960861
0.958904
0.956947
0.954990
0.953033
0.951076
0.949119
0.947162
0.945205
0.943249
0.941292
0.939335
0.937378
0.935421
0.933464
0.931507
0.929550
0.927593
0.925636
0.923679
0.921722
0.919765
0.917808
0.915851
0.913894
0.911937
0.909980
0.908023
0.906067
0.904110
0.902153
0.900196
0.898239
0.896282
0.894325
0.892368
0.890411
0.888454
0.886497
0.884540
0.882583
0.880626
0.878669
0.876712
0.874755
0.872798
0.870841
0.868885
0.866928
0.864971
0.863014
0.861057
0.859100
0.857143
0.855186
0.853229
0.851272
0.849315
0.847358
0.845401
0.843444
0.841487
0.839530
0.837573
0.835616
0.833659
0.831703
0.829746
0.827789
0.825832
0.823875
0.821918
0.819961
0.818004
0.816047
0.814090
0.812133
0.810176
0.808219
0.806262
0.804305
0.802348
0.800391
0.798434
0.796477
0.794521
0.792564
0.790607
0.788650
0.786693
0.784736
0.782779
0.780822
0.778865
0.776908
0.774951
0.772994
0.771037
0.769080
0.767123
0.765166
0.763209
0.761252
0.759295
0.757339
0.755382
0.753425
0.751468
0.250489
0.252446
0.254403
0.256360
0.258317
0.260274
0.262231
0.264188
0.266145
0.268102
0.270059
0.272016
0.273973
0.275930
0.277886
0.279843
0.281800
0.283757
0.285714
0.287671
0.289628
0.291585
0.293542
0.295499
0.297456
0.299413
0.301370
0.303327
0.305284
0.307241
0.309198
0.311155
0.313112
0.315068
0.317025
0.318982
0.320939
0.322896
0.324853
0.326810
0.328767
0.330724
0.332681
0.334638
0.336595
0.338552
0.340509
0.342466
0.344423
0.346380
0.348337
0.350294
0.352250
0.354207
0.356164
0.358121
0.360078
0.362035
0.363992
0.365949
0.367906
0.369863
0.371820
0.373777
0.375734
0.377691
0.379648
0.381605
0.383562
0.385519
0.387476
0.389432
0.391389
0.393346
0.395303
0.397260
0.399217
0.401174
0.403131
0.405088
0.407045
0.409002
0.410959
0.412916
0.414873
0.416830
0.418787
0.420744
0.422701
0.424658
0.426614
0.428571
0.430528
0.432485
0.434442
0.436399
0.438356
0.440313
0.442270
0.444227
0.446184
0.448141
0.450098
0.452055
0.454012
0.455969
0.457926
0.459883
0.461840
0.463796
0.465753
0.467710
0.469667
0.471624
0.473581
0.475538
0.477495
0.479452
0.481409
0.483366
0.485323
0.487280
0.489237
0.491194
0.493151
0.495108
0.497065
0.499022
0.500978
0.502935
0.504892
0.506849
0.508806
0.510763
0.512720
0.514677
0.516634
0.518591
0.520548
0.522505
0.524462
0.526419
0.528376
0.530333
0.532290
0.534247
0.536204
0.538160
0.540117
0.542074
0.544031
0.545988
0.547945
0.549902
0.551859
0.553816
0.555773
0.557730
0.559687
0.561644
0.563601
0.565558
0.567515
0.569472
0.571429
0.573386
0.575342
0.577299
0.579256
0.581213
0.583170
0.585127
0.587084
0.589041
0.590998
0.592955
0.594912
0.596869
0.598826
0.600783
0.602740
0.604697
0.606654
0.608611
0.610568
0.612524
0.614481
0.616438
0.618395
0.620352
0.622309
0.624266
0.626223
0.628180
0.630137
0.632094
0.634051
0.636008
0.637965
0.639922
0.641879
0.643836
0.645793
0.647750
0.649706
0.651663
0.653620
0.655577
0.657534
0.659491
0.661448
0.663405
0.665362
0.667319
0.669276
0.671233
0.673190
0.675147
0.677104
0.679061
0.681018
0.682975
0.684932
0.686888
0.688845
0.690802
0.692759
0.694716
0.696673
0.698630
0.700587
0.702544
0.704501
0.706458
0.708415
0.710372
0.712329
0.714286
0.716243
0.718200
0.720157
0.722114
0.724070
0.726027
0.727984
0.729941
0.731898
0.733855
0.735812
0.737769
0.739726
0.741683
0.743640
0.745597
0.747554
0.749511
0.248532
0.246575
0.244618
0.242661
0.240705
0.238748
0.236791
0.234834
0.232877
0.230920
0.228963
0.227006
0.225049
0.223092
0.221135
0.219178
0.217221
0.215264
0.213307
0.211350
0.209393
0.207436
0.205479
0.203523
0.201566
0.199609
0.197652
0.195695
0.193738
0.191781
0.189824
0.187867
0.185910
0.183953
0.181996
0.180039
0.178082
0.176125
0.174168
0.172211
0.170254
0.168297
0.166341
0.164384
0.162427
0.160470
0.158513
0.156556
0.154599
0.152642
0.150685
0.148728
0.146771
0.144814
0.142857
0.140900
0.138943
0.136986
0.135029
0.133072
0.131115
0.129159
0.127202
0.125245
0.123288
0.121331
0.119374
0.117417
0.115460
0.113503
0.111546
0.109589
0.107632
0.105675
0.103718
0.101761
0.099804
0.097847
0.095890
0.093933
0.091977
0.090020
0.088063
0.086106
0.084149
0.082192
0.080235
0.078278
0.076321
0.074364
0.072407
0.070450
0.068493
0.066536
0.064579
0.062622
0.060665
0.058708
0.056751
0.054795
0.052838
0.050881
0.048924
0.046967
0.045010
0.043053
0.041096
0.039139
0.037182
0.035225
0.033268
0.031311
0.029354
0.027397
0.025440
0.023483
0.021526
0.019569
0.017613
0.015656
0.013699
0.011742
0.009785
0.007828
0.005871
0.003914
0.001957
0.000000
