256
-0.000000
0.003922
0.007843
0.011765
0.015686
0.019608
0.023529
0.027451
0.031373
0.035294
0.039216
0.043137
0.047059
0.050980
0.054902
0.058824
0.062745
0.066667
0.070588
0.074510
0.078431
0.082353
0.086274
0.090196
0.094118
0.098039
0.101961
0.105882
0.109804
0.113725
0.117647
0.121569
0.125490
0.129412
0.133333
0.137255
0.141176
0.145098
0.149020
0.152941
0.156863
0.160784
0.164706
0.168627
0.172549
0.176471
0.180392
0.184314
0.188235
0.192157
0.196078
0.800000
0.796078
0.792157
0.788235
0.784314
0.780392
0.776470
0.772549
0.768627
0.764706
0.760784
0.756863
0.752941
0.749019
0.745098
0.741176
0.737255
0.733333
0.729412
0.725490
0.721568
0.717647
0.713725
0.709804
0.705882
0.701961
0.698039
0.694118
0.690196
0.686274
0.682353
0.678431
0.674510
0.670588
0.666667
0.662745
0.658823
0.654902
0.650980
0.647059
0.643137
0.639216
0.635294
0.631372
0.627451
0.623529
0.619608
0.615686
0.611765
0.607843
0.603921
0.600000
0.596078
0.592157
0.588235
0.584314
0.580392
0.576470
0.572549
0.568627
0.564706
0.560784
0.556863
0.552941
0.549019
0.545098
0.541176
0.537255
0.533333
0.529412
0.525490
0.521569
0.517647
0.513725
0.509804
0.505882
0.501961
0.498039
0.494118
0.490196
0.486274
0.482353
0.478431
0.474510
0.470588
0.466667
0.462745
0.458823
0.454902
0.450980
0.447059
0.443137
0.439216
0.435294
0.431372
0.427451
0.423529
0.419608
0.415686
0.411765
0.407843
0.403921
0.400000
0.396078
0.392157
0.388235
0.384314
0.380392
0.376471
0.372549
0.368627
0.364706
0.360784
0.356863
0.352941
0.349020
0.345098
0.341176
0.337255
0.333333
0.329412
0.325490
0.321569
0.317647
0.313725
0.309804
0.305882
0.301961
0.298039
0.294118
0.290196
0.286274
0.282353
0.278431
0.274510
0.270588
0.266667
0.262745
0.258823
0.254902
0.250980
0.247059
0.243137
0.239216
0.235294
0.231373
0.227451
0.223529
0.219608
0.215686
0.211765
0.207843
0.203922
0.200000
0.803921
0.807843
0.811765
0.815686
0.819608
0.823529
0.827451
0.831372
0.835294
0.839216
0.843137
0.847059
0.850980
0.854902
0.858823
0.862745
0.866666
0.870588
0.874510
0.878431
0.882353
0.886274
0.890196
0.894117
0.898039
0.901961
0.905882
0.909804
0.913725
0.917647
0.921568
0.925490
0.929412
0.933333
0.937255
0.941176
0.945098
0.949019
0.952941
0.956863
0.960784
0.964706
0.968627
0.972549
0.976470
0.980392
0.984314
0.988235
0.992157
0.996078
1.000000
