128
0.447033
0.226107
0.187533
0.276235
0.556444
0.416501
0.169607
0.906804
0.103171
0.126075
0.495444
0.760475
0.984751
0.935004
0.684445
0.383188
0.749771
0.368663
0.294160
0.232261
0.584488
0.244413
0.152390
0.732148
0.125475
0.793470
0.164102
0.745071
0.074530
0.950104
0.052529
0.521563
0.176211
0.240062
0.797798
0.732654
0.656564
0.967405
0.639458
0.759735
0.093480
0.134902
0.520210
0.078232
0.069906
0.204655
0.461420
0.819677
0.573319
0.755581
0.051939
0.157807
0.999993
0.204329
0.889955
0.125468
0.997799
0.054058
0.870540
0.072329
0.004162
0.923069
0.593892
0.180372
0.163131
0.391690
0.913026
0.819695
0.359095
0.552485
0.579430
0.452576
0.687387
0.099640
0.530808
0.757294
0.304295
0.992228
0.576971
0.877614
0.747809
0.628910
0.035421
0.747803
0.833238
0.925376
0.873271
0.831037
0.979434
0.743811
0.903366
0.983596
0.666880
0.497258
0.163968
0.830012
0.888949
0.076995
0.649707
0.248044
0.629480
0.229137
0.700620
0.316867
0.328777
0.231428
0.074161
0.633072
0.223656
0.651132
0.510686
0.971466
0.280042
0.546107
0.719268
0.113281
0.471483
0.592540
0.944318
0.450917
0.336351
0.847684
0.434513
0.003231
0.344943
0.598481
0.833243
0.233892
