2048
1.000000
0.999511
0.999023
0.998534
0.998046
0.997557
0.997069
0.996580
0.996092
0.995603
0.995115
0.994626
0.994138
0.993649
0.993161
0.992672
0.992183
0.991695
0.991206
0.990718
0.990229
0.989741
0.989252
0.988764
0.988275
0.987787
0.987298
0.986810
0.986321
0.985833
0.985344
0.984856
0.984367
0.983879
0.983390
0.982902
0.982413
0.981925
0.981436
0.980948
0.980459
0.979970
0.979482
0.978993
0.978505
0.978016
0.977528
0.977039
0.976551
0.976062
0.975574
0.975085
0.974597
0.974108
0.973620
0.973131
0.972643
0.972154
0.971666
0.971177
0.970689
0.970200
0.969712
0.969223
0.968735
0.968246
0.967758
0.967269
0.966780
0.966292
0.965803
0.965315
0.964826
0.964338
0.963849
0.963361
0.962872
0.962384
0.961895
0.961407
0.960918
0.960430
0.959941
0.959453
0.958964
0.958476
0.957987
0.957499
0.957010
0.956522
0.956033
0.955545
0.955056
0.954567
0.954079
0.953590
0.953102
0.952613
0.952125
0.951636
0.951148
0.950659
0.950171
0.949682
0.949194
0.948705
0.948217
0.947728
0.947240
0.946751
0.946263
0.945774
0.945286
0.944797
0.944309
0.943820
0.943332
0.942843
0.942354
0.941866
0.941377
0.940889
0.940400
0.939912
0.939423
0.938935
0.938446
0.937958
0.937469
0.936981
0.936492
0.936004
0.935515
0.935027
0.934538
0.934050
0.933561
0.933073
0.932584
0.932096
0.931607
0.931119
0.930630
0.930141
0.929653
0.929164
0.928676
0.928187
0.927699
0.927210
0.926722
0.926233
0.925745
0.925256
0.924768
0.924279
0.923791
0.923302
0.922814
0.922325
0.921837
0.921348
0.920860
0.920371
0.919883
0.919394
0.918906
0.918417
0.917928
0.917440
0.916951
0.916463
0.915974
0.915486
0.914997
0.914509
0.914020
0.913532
0.913043
0.912555
0.912066
0.911578
0.911089
0.910601
0.910112
0.909624
0.909135
0.908647
0.908158
0.907670
0.907181
0.906693
0.906204
0.905716
0.905227
0.904738
0.904250
0.903761
0.903273
0.902784
0.902296
0.901807
0.901319
0.900830
0.900342
0.899853
0.899365
0.898876
0.898388
0.897899
0.897411
0.896922
0.896434
0.895945
0.895457
0.894968
0.894480
0.893991
0.893503
0.893014
0.892525
0.892037
0.891548
0.891060
0.890571
0.890083
0.889594
0.889106
0.888617
0.888129
0.887640
0.887152
0.886663
0.886175
0.885686
0.885198
0.884709
0.884221
0.883732
0.883244
0.882755
0.882267
0.881778
0.881290
0.880801
0.880312
0.879824
0.879335
0.878847
0.878358
0.877870
0.877381
0.876893
0.876404
0.875916
0.875427
0.874939
0.874450
0.873962
0.873473
0.872985
0.872496
0.872008
0.871519
0.871031
0.870542
0.870054
0.869565
0.869077
0.868588
0.868099
0.867611
0.867122
0.866634
0.866145
0.865657
0.865168
0.864680
0.864191
0.863703
0.863214
0.862726
0.862237
0.861749
0.861260
0.860772
0.860283
0.859795
0.859306
0.858818
0.858329
0.857841
0.857352
0.856864
0.856375
0.855886
0.855398
0.854909
0.854421
0.853932
0.853444
0.852955
0.852467
0.851978
0.851490
0.851001
0.850513
0.850024
0.849536
0.849047
0.848559
0.848070
0.847582
0.847093
0.846605
0.846116
0.845628
0.845139
0.844651
0.844162
0.843674
0.843185
0.842696
0.842208
0.841719
0.841231
0.840742
0.840254
0.839765
0.839277
0.838788
0.838300
0.837811
0.837323
0.836834
0.836346
0.835857
0.835369
0.834880
0.834392
0.833903
0.833415
0.832926
0.832438
0.831949
0.831461
0.830972
0.830483
0.829995
0.829506
0.829018
0.828529
0.828041
0.827552
0.827064
0.826575
0.826087
0.825598
0.825110
0.824621
0.824133
0.823644
0.823156
0.822667
0.822179
0.821690
0.821202
0.820713
0.820225
0.819736
0.819248
0.818759
0.818270
0.817782
0.817293
0.816805
0.816316
0.815828
0.815339
0.814851
0.814362
0.813874
0.813385
0.812897
0.812408
0.811920
0.811431
0.810943
0.810454
0.809966
0.809477
0.808989
0.808500
0.808012
0.807523
0.807035
0.806546
0.806057
0.805569
0.805080
0.804592
0.804103
0.803615
0.803126
0.802638
0.802149
0.801661
0.801172
0.800684
0.800195
0.799707
0.799218
0.798730
0.798241
0.797753
0.797264
0.796776
0.796287
0.795799
0.795310
0.794822
0.794333
0.793844
0.793356
0.792867
0.792379
0.791890
0.791402
0.790913
0.790425
0.789936
0.789448
0.788959
0.788471
0.787982
0.787494
0.787005
0.786517
0.786028
0.785540
0.785051
0.784563
0.784074
0.783586
0.783097
0.782609
0.782120
0.781631
0.781143
0.780654
0.780166
0.779677
0.779189
0.778700
0.778212
0.777723
0.777235
0.776746
0.776258
0.775769
0.775281
0.774792
0.774304
0.773815
0.773327
0.772838
0.772350
0.771861
0.771373
0.770884
0.770396
0.769907
0.769419
0.768930
0.768441
0.767953
0.767464
0.766976
0.766487
0.765999
0.765510
0.765022
0.764533
0.764045
0.763556
0.763068
0.762579
0.762091
0.761602
0.761114
0.760625
0.760137
0.759648
0.759160
0.758671
0.758183
0.757694
0.757206
0.756717
0.756228
0.755740
0.755251
0.754763
0.754274
0.753786
0.753297
0.752809
0.752320
0.751832
0.751343
0.750855
0.750366
0.250122
0.250611
0.251099
0.251588
0.252076
0.252565
0.253053
0.253542
0.254030
0.254519
0.255007
0.255496
0.255984
0.256473
0.256961
0.257450
0.257938
0.258427
0.258915
0.259404
0.259892
0.260381
0.260870
0.261358
0.261847
0.262335
0.262824
0.263312
0.263801
0.264289
0.264778
0.265266
0.265755
0.266243
0.266732
0.267220
0.267709
0.268197
0.268686
0.269174
0.269663
0.270151
0.270640
0.271128
0.271617
0.272105
0.272594
0.273083
0.273571
0.274060
0.274548
0.275037
0.275525
0.276014
0.276502
0.276991
0.277479
0.277968
0.278456
0.278945
0.279433
0.279922
0.280410
0.280899
0.281387
0.281876
0.282364
0.282853
0.283341
0.283830
0.284318
0.284807
0.285295
0.285784
0.286273
0.286761
0.287250
0.287738
0.288227
0.288715
0.289204
0.289692
0.290181
0.290669
0.291158
0.291646
0.292135
0.292623
0.293112
0.293600
0.294089
0.294577
0.295066
0.295554
0.296043
0.296531
0.297020
0.297508
0.297997
0.298486
0.298974
0.299463
0.299951
0.300440
0.300928
0.301417
0.301905
0.302394
0.302882
0.303371
0.303859
0.304348
0.304836
0.305325
0.305813
0.306302
0.306790
0.307279
0.307767
0.308256
0.308744
0.309233
0.309721
0.310210
0.310699
0.311187
0.311676
0.312164
0.312653
0.313141
0.313630
0.314118
0.314607
0.315095
0.315584
0.316072
0.316561
0.317049
0.317538
0.318026
0.318515
0.319003
0.319492
0.319980
0.320469
0.320957
0.321446
0.321934
0.322423
0.322912
0.323400
0.323889
0.324377
0.324866
0.325354
0.325843
0.326331
0.326820
0.327308
0.327797
0.328285
0.328774
0.329262
0.329751
0.330239
0.330728
0.331216
0.331705
0.332193
0.332682
0.333170
0.333659
0.334147
0.334636
0.335125
0.335613
0.336102
0.336590
0.337079
0.337567
0.338056
0.338544
0.339033
0.339521
0.340010
0.340498
0.340987
0.341475
0.341964
0.342452
0.342941
0.343429
0.343918
0.344406
0.344895
0.345383
0.345872
0.346360
0.346849
0.347337
0.347826
0.348315
0.348803
0.349292
0.349780
0.350269
0.350757
0.351246
0.351734
0.352223
0.352711
0.353200
0.353688
0.354177
0.354665
0.355154
0.355642
0.356131
0.356619
0.357108
0.357596
0.358085
0.358573
0.359062
0.359550
0.360039
0.360528
0.361016
0.361505
0.361993
0.362482
0.362970
0.363459
0.363947
0.364436
0.364924
0.365413
0.365901
0.366390
0.366878
0.367367
0.367855
0.368344
0.368832
0.369321
0.369809
0.370298
0.370786
0.371275
0.371763
0.372252
0.372741
0.373229
0.373718
0.374206
0.374695
0.375183
0.375672
0.376160
0.376649
0.377137
0.377626
0.378114
0.378603
0.379091
0.379580
0.380068
0.380557
0.381045
0.381534
0.382022
0.382511
0.382999
0.383488
0.383976
0.384465
0.384954
0.385442
0.385931
0.386419
0.386908
0.387396
0.387885
0.388373
0.388862
0.389350
0.389839
0.390327
0.390816
0.391304
0.391793
0.392281
0.392770
0.393258
0.393747
0.394235
0.394724
0.395212
0.395701
0.396189
0.396678
0.397167
0.397655
0.398144
0.398632
0.399121
0.399609
0.400098
0.400586
0.401075
0.401563
0.402052
0.402540
0.403029
0.403517
0.404006
0.404494
0.404983
0.405471
0.405960
0.406448
0.406937
0.407425
0.407914
0.408402
0.408891
0.409379
0.409868
0.410357
0.410845
0.411334
0.411822
0.412311
0.412799
0.413288
0.413776
0.414265
0.414753
0.415242
0.415730
0.416219
0.416707
0.417196
0.417684
0.418173
0.418661
0.419150
0.419638
0.420127
0.420615
0.421104
0.421592
0.422081
0.422570
0.423058
0.423547
0.424035
0.424524
0.425012
0.425501
0.425989
0.426478
0.426966
0.427455
0.427943
0.428432
0.428920
0.429409
0.429897
0.430386
0.430874
0.431363
0.431851
0.432340
0.432828
0.433317
0.433805
0.434294
0.434783
0.435271
0.435760
0.436248
0.436737
0.437225
0.437714
0.438202
0.438691
0.439179
0.439668
0.440156
0.440645
0.441133
0.441622
0.442110
0.442599
0.443087
0.443576
0.444064
0.444553
0.445041
0.445530
0.446018
0.446507
0.446996
0.447484
0.447973
0.448461
0.448950
0.449438
0.449927
0.450415
0.450904
0.451392
0.451881
0.452369
0.452858
0.453346
0.453835
0.454323
0.454812
0.455300
0.455789
0.456277
0.456766
0.457254
0.457743
0.458231
0.458720
0.459209
0.459697
0.460186
0.460674
0.461163
0.461651
0.462140
0.462628
0.463117
0.463605
0.464094
0.464582
0.465071
0.465559
0.466048
0.466536
0.467025
0.467513
0.468002
0.468490
0.468979
0.469467
0.469956
0.470444
0.470933
0.471421
0.471910
0.472399
0.472887
0.473376
0.473864
0.474353
0.474841
0.475330
0.475818
0.476307
0.476795
0.477284
0.477772
0.478261
0.478749
0.479238
0.479726
0.480215
0.480703
0.481192
0.481680
0.482169
0.482657
0.483146
0.483634
0.484123
0.484612
0.485100
0.485589
0.486077
0.486566
0.487054
0.487543
0.488031
0.488520
0.489008
0.489497
0.489985
0.490474
0.490962
0.491451
0.491939
0.492428
0.492916
0.493405
0.493893
0.494382
0.494870
0.495359
0.495847
0.496336
0.496825
0.497313
0.497802
0.498290
0.498779
0.499267
0.499756
0.500244
0.500733
0.501221
0.501710
0.502198
0.502687
0.503175
0.503664
0.504152
0.504641
0.505129
0.505618
0.506106
0.506595
0.507083
0.507572
0.508060
0.508549
0.509038
0.509526
0.510015
0.510503
0.510992
0.511480
0.511969
0.512457
0.512946
0.513434
0.513923
0.514411
0.514900
0.515388
0.515877
0.516365
0.516854
0.517342
0.517831
0.518319
0.518808
0.519296
0.519785
0.520273
0.520762
0.521251
0.521739
0.522228
0.522716
0.523205
0.523693
0.524182
0.524670
0.525159
0.525647
0.526136
0.526624
0.527113
0.527601
0.528090
0.528578
0.529067
0.529555
0.530044
0.530532
0.531021
0.531509
0.531998
0.532486
0.532975
0.533463
0.533952
0.534441
0.534929
0.535418
0.535906
0.536395
0.536883
0.537372
0.537860
0.538349
0.538837
0.539326
0.539814
0.540303
0.540791
0.541280
0.541768
0.542257
0.542745
0.543234
0.543722
0.544211
0.544699
0.545188
0.545676
0.546165
0.546654
0.547142
0.547631
0.548119
0.548608
0.549096
0.549585
0.550073
0.550562
0.551050
0.551539
0.552027
0.552516
0.553004
0.553493
0.553981
0.554470
0.554958
0.555447
0.555935
0.556424
0.556912
0.557401
0.557889
0.558378
0.558867
0.559355
0.559844
0.560332
0.560821
0.561309
0.561798
0.562286
0.562775
0.563263
0.563752
0.564240
0.564729
0.565217
0.565706
0.566194
0.566683
0.567171
0.567660
0.568148
0.568637
0.569125
0.569614
0.570102
0.570591
0.571080
0.571568
0.572057
0.572545
0.573034
0.573522
0.574011
0.574499
0.574988
0.575476
0.575965
0.576453
0.576942
0.577430
0.577919
0.578407
0.578896
0.579384
0.579873
0.580361
0.580850
0.581338
0.581827
0.582315
0.582804
0.583293
0.583781
0.584270
0.584758
0.585247
0.585735
0.586224
0.586712
0.587201
0.587689
0.588178
0.588666
0.589155
0.589643
0.590132
0.590620
0.591109
0.591597
0.592086
0.592574
0.593063
0.593551
0.594040
0.594528
0.595017
0.595505
0.595994
0.596483
0.596971
0.597460
0.597948
0.598437
0.598925
0.599414
0.599902
0.600391
0.600879
0.601368
0.601856
0.602345
0.602833
0.603322
0.603810
0.604299
0.604787
0.605276
0.605764
0.606253
0.606741
0.607230
0.607718
0.608207
0.608696
0.609184
0.609673
0.610161
0.610650
0.611138
0.611627
0.612115
0.612604
0.613092
0.613581
0.614069
0.614558
0.615046
0.615535
0.616023
0.616512
0.617000
0.617489
0.617977
0.618466
0.618954
0.619443
0.619931
0.620420
0.620909
0.621397
0.621886
0.622374
0.622863
0.623351
0.623840
0.624328
0.624817
0.625305
0.625794
0.626282
0.626771
0.627259
0.627748
0.628236
0.628725
0.629213
0.629702
0.630190
0.630679
0.631167
0.631656
0.632144
0.632633
0.633122
0.633610
0.634099
0.634587
0.635076
0.635564
0.636053
0.636541
0.637030
0.637518
0.638007
0.638495
0.638984
0.639472
0.639961
0.640449
0.640938
0.641426
0.641915
0.642403
0.642892
0.643380
0.643869
0.644357
0.644846
0.645335
0.645823
0.646312
0.646800
0.647289
0.647777
0.648266
0.648754
0.649243
0.649731
0.650220
0.650708
0.651197
0.651685
0.652174
0.652662
0.653151
0.653639
0.654128
0.654616
0.655105
0.655593
0.656082
0.656570
0.657059
0.657547
0.658036
0.658525
0.659013
0.659502
0.659990
0.660479
0.660967
0.661456
0.661944
0.662433
0.662921
0.663410
0.663898
0.664387
0.664875
0.665364
0.665852
0.666341
0.666829
0.667318
0.667806
0.668295
0.668783
0.669272
0.669760
0.670249
0.670738
0.671226
0.671715
0.672203
0.672692
0.673180
0.673669
0.674157
0.674646
0.675134
0.675623
0.676111
0.676600
0.677088
0.677577
0.678065
0.678554
0.679042
0.679531
0.680019
0.680508
0.680996
0.681485
0.681973
0.682462
0.682951
0.683439
0.683928
0.684416
0.684905
0.685393
0.685882
0.686370
0.686859
0.687347
0.687836
0.688324
0.688813
0.689301
0.689790
0.690278
0.690767
0.691255
0.691744
0.692232
0.692721
0.693209
0.693698
0.694186
0.694675
0.695164
0.695652
0.696141
0.696629
0.697118
0.697606
0.698095
0.698583
0.699072
0.699560
0.700049
0.700537
0.701026
0.701514
0.702003
0.702491
0.702980
0.703468
0.703957
0.704445
0.704934
0.705422
0.705911
0.706399
0.706888
0.707377
0.707865
0.708354
0.708842
0.709331
0.709819
0.710308
0.710796
0.711285
0.711773
0.712262
0.712750
0.713239
0.713727
0.714216
0.714704
0.715193
0.715681
0.716170
0.716658
0.717147
0.717635
0.718124
0.718612
0.719101
0.719589
0.720078
0.720567
0.721055
0.721544
0.722032
0.722521
0.723009
0.723498
0.723986
0.724475
0.724963
0.725452
0.725940
0.726429
0.726917
0.727406
0.727894
0.728383
0.728871
0.729360
0.729848
0.730337
0.730825
0.731314
0.731802
0.732291
0.732780
0.733268
0.733757
0.734245
0.734734
0.735222
0.735711
0.736199
0.736688
0.737176
0.737665
0.738153
0.738642
0.739130
0.739619
0.740107
0.740596
0.741084
0.741573
0.742061
0.742550
0.743038
0.743527
0.744015
0.744504
0.744993
0.745481
0.745970
0.746458
0.746947
0.747435
0.747924
0.748412
0.748901
0.749389
0.749878
0.249634
0.249145
0.248657
0.248168
0.247679
0.247191
0.246702
0.246214
0.245725
0.245237
0.244748
0.244260
0.243771
0.243283
0.242794
0.242306
0.241817
0.241329
0.240840
0.240352
0.239863
0.239375
0.238886
0.238398
0.237909
0.237421
0.236932
0.236444
0.235955
0.235466
0.234978
0.234489
0.234001
0.233512
0.233024
0.232535
0.232047
0.231558
0.231070
0.230581
0.230093
0.229604
0.229116
0.228627
0.228139
0.227650
0.227162
0.226673
0.226185
0.225696
0.225208
0.224719
0.224231
0.223742
0.223253
0.222765
0.222276
0.221788
0.221299
0.220811
0.220322
0.219834
0.219345
0.218857
0.218368
0.217880
0.217391
0.216903
0.216414
0.215926
0.215437
0.214949
0.214460
0.213972
0.213483
0.212995
0.212506
0.212018
0.211529
0.211041
0.210552
0.210063
0.209575
0.209086
0.208598
0.208109
0.207621
0.207132
0.206644
0.206155
0.205667
0.205178
0.204690
0.204201
0.203713
0.203224
0.202736
0.202247
0.201759
0.201270
0.200782
0.200293
0.199805
0.199316
0.198828
0.198339
0.197850
0.197362
0.196873
0.196385
0.195896
0.195408
0.194919
0.194431
0.193942
0.193454
0.192965
0.192477
0.191988
0.191500
0.191011
0.190523
0.190034
0.189546
0.189057
0.188569
0.188080
0.187592
0.187103
0.186615
0.186126
0.185637
0.185149
0.184660
0.184172
0.183683
0.183195
0.182706
0.182218
0.181729
0.181241
0.180752
0.180264
0.179775
0.179287
0.178798
0.178310
0.177821
0.177333
0.176844
0.176356
0.175867
0.175379
0.174890
0.174402
0.173913
0.173424
0.172936
0.172447
0.171959
0.171470
0.170982
0.170493
0.170005
0.169516
0.169028
0.168539
0.168051
0.167562
0.167074
0.166585
0.166097
0.165608
0.165120
0.164631
0.164143
0.163654
0.163166
0.162677
0.162189
0.161700
0.161211
0.160723
0.160234
0.159746
0.159257
0.158769
0.158280
0.157792
0.157303
0.156815
0.156326
0.155838
0.155349
0.154861
0.154372
0.153884
0.153395
0.152907
0.152418
0.151930
0.151441
0.150953
0.150464
0.149976
0.149487
0.148999
0.148510
0.148021
0.147533
0.147044
0.146556
0.146067
0.145579
0.145090
0.144602
0.144113
0.143625
0.143136
0.142648
0.142159
0.141671
0.141182
0.140694
0.140205
0.139717
0.139228
0.138740
0.138251
0.137763
0.137274
0.136786
0.136297
0.135808
0.135320
0.134831
0.134343
0.133854
0.133366
0.132877
0.132389
0.131900
0.131412
0.130923
0.130435
0.129946
0.129458
0.128969
0.128481
0.127992
0.127504
0.127015
0.126527
0.126038
0.125550
0.125061
0.124573
0.124084
0.123595
0.123107
0.122618
0.122130
0.121641
0.121153
0.120664
0.120176
0.119687
0.119199
0.118710
0.118222
0.117733
0.117245
0.116756
0.116268
0.115779
0.115291
0.114802
0.114314
0.113825
0.113337
0.112848
0.112360
0.111871
0.111382
0.110894
0.110405
0.109917
0.109428
0.108940
0.108451
0.107963
0.107474
0.106986
0.106497
0.106009
0.105520
0.105032
0.104543
0.104055
0.103566
0.103078
0.102589
0.102101
0.101612
0.101124
0.100635
0.100147
0.099658
0.099169
0.098681
0.098192
0.097704
0.097215
0.096727
0.096238
0.095750
0.095261
0.094773
0.094284
0.093796
0.093307
0.092819
0.092330
0.091842
0.091353
0.090865
0.090376
0.089888
0.089399
0.088911
0.088422
0.087934
0.087445
0.086957
0.086468
0.085979
0.085491
0.085002
0.084514
0.084025
0.083537
0.083048
0.082560
0.082071
0.081583
0.081094
0.080606
0.080117
0.079629
0.079140
0.078652
0.078163
0.077675
0.077186
0.076698
0.076209
0.075721
0.075232
0.074744
0.074255
0.073766
0.073278
0.072789
0.072301
0.071812
0.071324
0.070835
0.070347
0.069858
0.069370
0.068881
0.068393
0.067904
0.067416
0.066927
0.066439
0.065950
0.065462
0.064973
0.064485
0.063996
0.063508
0.063019
0.062531
0.062042
0.061553
0.061065
0.060576
0.060088
0.059599
0.059111
0.058622
0.058134
0.057645
0.057157
0.056668
0.056180
0.055691
0.055203
0.054714
0.054226
0.053737
0.053249
0.052760
0.052272
0.051783
0.051295
0.050806
0.050318
0.049829
0.049340
0.048852
0.048363
0.047875
0.047386
0.046898
0.046409
0.045921
0.045432
0.044944
0.044455
0.043967
0.043478
0.042990
0.042501
0.042013
0.041524
0.041036
0.040547
0.040059
0.039570
0.039082
0.038593
0.038105
0.037616
0.037127
0.036639
0.036150
0.035662
0.035173
0.034685
0.034196
0.033708
0.033219
0.032731
0.032242
0.031754
0.031265
0.030777
0.030288
0.029800
0.029311
0.028823
0.028334
0.027846
0.027357
0.026869
0.026380
0.025892
0.025403
0.024915
0.024426
0.023937
0.023449
0.022960
0.022472
0.021983
0.021495
0.021006
0.020518
0.020029
0.019541
0.019052
0.018564
0.018075
0.017587
0.017098
0.016610
0.016121
0.015633
0.015144
0.014656
0.014167
0.013679
0.013190
0.012702
0.012213
0.011724
0.011236
0.010747
0.010259
0.009770
0.009282
0.008793
0.008305
0.007816
0.007328
0.006839
0.006351
0.005862
0.005374
0.004885
0.004397
0.003908
0.003420
0.002931
0.002443
0.001954
0.001466
0.000977
0.000489
0.000000
