64
0.000000
0.015873
0.031746
0.952381
0.936508
0.920635
0.904762
0.888889
0.873016
0.857143
0.841270
0.825397
0.809524
0.793651
0.777778
0.761905
0.746032
0.730159
0.714286
0.698413
0.682540
0.666667
0.650794
0.634921
0.619048
0.603175
0.587302
0.571429
0.555556
0.539683
0.523810
0.507937
0.492063
0.476190
0.460317
0.444444
0.428571
0.412698
0.396825
0.380952
0.365079
0.349206
0.333333
0.317460
0.301587
0.285714
0.269841
0.253968
0.238095
0.222222
0.206349
0.190476
0.174603
0.158730
0.142857
0.126984
0.111111
0.095238
0.079365
0.063492
0.047619
0.968254
0.984127
1.000000
