2048
0.775665
0.152610
0.684798
0.082568
0.980315
0.572763
0.135545
0.032184
0.449862
0.717227
0.815991
0.515712
0.504956
0.565681
0.819788
0.742802
0.130165
0.018988
0.626101
0.803434
0.138667
0.750337
0.650076
0.667559
0.109285
0.744149
0.716091
0.660966
0.338928
0.442278
0.298698
0.114594
0.594888
0.983497
0.197162
0.575203
0.556260
0.332706
0.607387
0.006122
0.049933
0.423378
0.521834
0.554889
0.989059
0.341622
0.297691
0.119224
0.360610
0.923792
0.922658
0.499278
0.674129
0.572735
0.166837
0.783413
0.316884
0.882928
0.444379
0.655813
0.325206
0.743077
0.770407
0.920094
0.726574
0.967568
0.495296
0.282835
0.300274
0.102683
0.288957
0.350207
0.526061
0.810791
0.905096
0.515120
0.152413
0.202787
0.634344
0.513024
0.126579
0.557002
0.012301
0.800708
0.129737
0.179138
0.584121
0.446622
0.062067
0.028500
0.102434
0.387273
0.771578
0.872841
0.307366
0.498153
0.840409
0.802663
0.780987
0.140684
0.905346
0.069944
0.490891
0.431407
0.880735
0.395988
0.946527
0.033148
0.598775
0.580871
0.546172
0.725354
0.137874
0.558473
0.526062
0.267611
0.737611
0.110183
0.714233
0.799678
0.138684
0.816667
0.186951
0.910261
0.689508
0.494317
0.408414
0.529918
0.296980
0.189401
0.670602
0.202326
0.259345
0.161493
0.633734
0.140080
0.557481
0.580261
0.173228
0.156257
0.161133
0.719400
0.881611
0.299007
0.277873
0.407673
0.566618
0.015484
0.517856
0.280851
0.815162
0.656539
0.097518
0.002113
0.566801
0.787027
0.496430
0.975215
0.316945
0.793410
0.164617
0.987547
0.995737
0.423962
0.149041
0.629470
0.564042
0.706522
0.209732
0.737270
0.862779
0.370865
0.456670
0.744389
0.669871
0.734543
0.152062
0.236489
0.750027
0.669918
0.517340
0.565189
0.326458
0.614859
0.567302
0.893259
0.401886
0.063733
0.868474
0.718831
0.857143
0.033091
0.706378
0.852880
0.457052
0.855419
0.482350
0.021094
0.561941
0.692082
0.758364
0.424720
0.062947
0.215033
0.169109
0.732818
0.949576
0.321171
0.969308
0.699603
0.991090
0.486648
0.264792
0.317548
0.101507
0.832095
0.210806
0.503393
0.895827
0.079281
0.222225
0.752971
0.112371
0.928603
0.605850
0.569423
0.784022
0.088201
0.590517
0.345963
0.780283
0.348881
0.770682
0.843230
0.563915
0.939791
0.576048
0.513491
0.260963
0.545356
0.213094
0.252053
0.032004
0.477886
0.569600
0.133512
0.309981
0.780407
0.636905
0.205809
0.859687
0.859130
0.958780
0.972058
0.787733
0.564630
0.541482
0.571754
0.652831
0.132000
0.917717
0.433114
0.480881
0.688399
0.276343
0.044796
0.628191
0.852391
0.558287
0.889154
0.397747
0.771381
0.141207
0.429751
0.249267
0.710807
0.563263
0.559249
0.491214
0.200168
0.765058
0.350901
0.059298
0.723838
0.322960
0.847030
0.288468
0.864442
0.418785
0.941299
0.996441
0.336502
0.374413
0.477323
0.024902
0.650756
0.522119
0.653093
0.503148
0.080405
0.542246
0.900895
0.851786
0.683453
0.330647
0.101054
0.394260
0.893909
0.660302
0.885474
0.094077
0.425360
0.236375
0.153375
0.149198
0.559335
0.000406
0.437667
0.423776
0.419191
0.378966
0.420218
0.755693
0.753379
0.897541
0.780595
0.404136
0.419659
0.433687
0.907284
0.500065
0.975934
0.808179
0.351851
0.659387
0.138826
0.452905
0.053647
0.032735
0.113207
0.939121
0.126812
0.538568
0.175496
0.280187
0.687766
0.734831
0.280593
0.125433
0.158607
0.699784
0.504399
0.578825
0.455477
0.257778
0.476366
0.236071
0.661914
0.896026
0.669759
0.569198
0.396091
0.645693
0.377377
0.747942
0.305080
0.516203
0.200847
0.358727
0.548938
0.314054
0.297848
0.675750
0.852622
0.473345
0.955938
0.540389
0.208175
0.236531
0.665822
0.366783
0.936315
0.170221
0.945608
0.391791
0.427999
0.421974
0.627863
0.089914
0.318000
0.297622
0.659112
0.714091
0.943315
0.036489
0.462033
0.248395
0.552692
0.662880
0.607122
0.101630
0.976935
0.904971
0.777380
0.829557
0.378316
0.733318
0.369946
0.586491
0.969849
0.035767
0.953274
0.906164
0.205989
0.898882
0.297955
0.633988
0.320857
0.925818
0.723902
0.638857
0.223440
0.383013
0.352948
0.166755
0.419502
0.814982
0.415150
0.972194
0.477862
0.022273
0.073824
0.454797
0.927244
0.851204
0.284354
0.305559
0.584522
0.654299
0.892050
0.554371
0.690067
0.845324
0.460535
0.896055
0.744207
0.758491
0.530043
0.065064
0.684309
0.253945
0.703921
0.907750
0.636958
0.056869
0.074505
0.056461
0.871851
0.489656
0.028655
0.349713
0.511929
0.102479
0.804510
0.439173
0.953682
0.088864
0.744732
0.538205
0.743163
0.636783
0.092576
0.433230
0.482107
0.553111
0.329285
0.226314
0.311602
0.859328
0.291378
0.995912
0.113274
0.995298
0.903662
0.750232
0.052167
0.978167
0.806693
0.924018
0.467823
0.835348
0.273731
0.979752
0.937826
0.078241
0.418925
0.891509
0.167104
0.163657
0.429714
0.910267
0.800439
0.522290
0.343497
0.282547
0.075401
0.672782
0.508861
0.387003
0.532111
0.800239
0.382915
0.645384
0.795537
0.286577
0.395617
0.847705
0.264745
0.202310
0.771723
0.732568
0.037658
0.045454
0.712320
0.975484
0.123695
0.131244
0.866993
0.290799
0.294901
0.296707
0.201067
0.095341
0.818996
0.544564
0.377888
0.894397
0.217346
0.886749
0.281401
0.749457
0.686988
0.664316
0.394842
0.482525
0.950893
0.790458
0.330230
0.215638
0.992768
0.101953
0.948206
0.030426
0.147407
0.660526
0.005910
0.271102
0.791770
0.872903
0.561901
0.086671
0.169610
0.762968
0.182012
0.988606
0.307532
0.559900
0.883004
0.524878
0.446649
0.164405
0.274335
0.133637
0.828721
0.669177
0.616163
0.779614
0.459635
0.946393
0.995252
0.452404
0.048346
0.943458
0.482830
0.195753
0.603984
0.488740
0.466855
0.395754
0.361644
0.028757
0.482426
0.531254
0.791725
0.664438
0.519860
0.099258
0.224338
0.402864
0.624136
0.670987
0.567269
0.898471
0.804624
0.395990
0.567648
0.420787
0.175605
0.027284
0.367180
0.170857
0.479688
0.415526
0.114316
0.962517
0.611279
0.718300
0.451258
0.078135
0.114054
0.812902
0.106892
0.596480
0.344155
0.898617
0.260918
0.864016
0.997874
0.485256
0.266880
0.622010
0.156244
0.834149
0.520482
0.960868
0.230139
0.088130
0.381656
0.405744
0.115414
0.748836
0.576601
0.595101
0.164362
0.690917
0.557619
0.775641
0.409217
0.008877
0.853776
0.523271
0.821779
0.960668
0.119752
0.165934
0.859285
0.380670
0.029950
0.857159
0.865926
0.296830
0.479170
0.022170
0.130979
0.999651
0.983039
0.361119
0.087782
0.364695
0.766862
0.203196
0.113530
0.343463
0.798297
0.277892
0.034380
0.355916
0.053534
0.443597
0.364793
0.907309
0.966868
0.186572
0.867977
0.086620
0.352506
0.727262
0.467290
0.382457
0.584421
0.333217
0.679287
0.063591
0.355387
0.810266
0.063243
0.338426
0.171385
0.151025
0.703120
0.938247
0.354220
0.816651
0.281711
0.152518
0.094543
0.316091
0.508434
0.148077
0.759688
0.873227
0.055387
0.726557
0.059800
0.923364
0.813177
0.412306
0.650626
0.280467
0.794763
0.235047
0.613683
0.474050
0.298638
0.969070
0.284316
0.361881
0.307496
0.455701
0.512906
0.010617
0.393948
0.867127
0.827268
0.675659
0.019645
0.921811
0.991750
0.528079
0.069889
0.751439
0.401306
0.125275
0.477996
0.461106
0.048639
0.291173
0.873412
0.699265
0.571639
0.668175
0.934312
0.185323
0.142225
0.232951
0.154393
0.426541
0.594832
0.461890
0.882242
0.107738
0.472507
0.276190
0.974865
0.299775
0.951850
0.994509
0.221587
0.943600
0.522588
0.291475
0.695040
0.923894
0.416750
0.173036
0.385001
0.465389
0.464208
0.258413
0.164654
0.035848
0.926588
0.098966
0.221171
0.068814
0.331917
0.375564
0.495354
0.926749
0.837454
0.377597
0.034487
0.309961
0.653787
0.009352
0.609736
0.605637
0.003862
0.831323
0.549237
0.526450
0.122798
0.244277
0.450345
0.539548
0.417313
0.835346
0.004938
0.881521
0.093759
0.169592
0.917368
0.020347
0.268558
0.138539
0.089161
0.600475
0.514103
0.584515
0.527224
0.351557
0.962112
0.561712
0.661518
0.615899
0.571064
0.271254
0.221536
0.574926
0.102577
0.770774
0.101376
0.225375
0.015051
0.551721
0.764924
0.432364
0.387067
0.769862
0.313885
0.480826
0.939454
0.231253
0.501173
0.208012
0.369793
0.590334
0.808488
0.883896
0.174850
0.335712
0.235453
0.136962
0.897424
0.896971
0.752861
0.468488
0.168225
0.974398
0.043415
0.270803
0.745171
0.144791
0.496178
0.760222
0.696512
0.261102
0.192586
0.083580
0.030963
0.506471
0.564406
0.970417
0.737724
0.065579
0.178430
0.107517
0.655914
0.986917
0.991413
0.830764
0.322630
0.226866
0.967726
0.220054
0.123838
0.720587
0.688542
0.292063
0.694985
0.731957
0.562866
0.440157
0.876748
0.059043
0.200379
0.573261
0.320145
0.392965
0.656840
0.351109
0.899436
0.221246
0.321526
0.637161
0.286825
0.499956
0.744678
0.942739
0.486873
0.736091
0.773503
0.809503
0.962958
0.741229
0.029557
0.086795
0.461816
0.718099
0.378858
0.156801
0.450056
0.941724
0.596958
0.326804
0.000768
0.797337
0.900065
0.320913
0.190303
0.556905
0.672021
0.089739
0.778151
0.993547
0.726900
0.064977
0.493503
0.471579
0.007716
0.980376
0.207670
0.781219
0.789879
0.170628
0.522448
0.819436
0.257423
0.984264
0.537536
0.636282
0.141065
0.987592
0.578006
0.738023
0.314397
0.578774
0.535360
0.214462
0.899687
0.725663
0.771367
0.571708
0.815402
0.549518
0.565255
0.542302
0.614495
0.058759
0.013881
0.622211
0.039135
0.221551
0.403430
0.829014
0.392179
0.925878
0.648451
0.649603
0.910142
0.185987
0.285885
0.051208
0.173579
0.863891
0.789231
0.487976
0.442665
0.324591
0.702437
0.342352
0.050254
0.473804
0.914060
0.865656
0.023323
0.479315
0.407959
0.637819
0.538074
0.421840
0.260030
0.577209
0.643391
0.663461
0.406224
0.035571
0.589339
0.054675
0.685173
0.499481
0.240662
0.971058
0.550689
0.414241
0.834949
0.339920
0.902216
0.277614
0.664511
0.604654
0.619965
0.714766
0.078458
0.534025
0.580422
0.101782
0.013341
0.988381
0.739600
0.551415
0.410222
0.999630
0.128624
0.053613
0.663091
0.534847
0.089184
0.252430
0.589522
0.774357
0.751912
0.830184
0.745415
0.302601
0.244425
0.580364
0.642521
0.146641
0.857978
0.307032
0.751295
0.477943
0.021798
0.829753
0.011968
0.602221
0.931535
0.025309
0.590602
0.671135
0.576723
0.000824
0.670766
0.705347
0.054437
0.333857
0.240195
0.143621
0.586287
0.829717
0.917978
0.338199
0.659901
0.663394
0.640800
0.904325
0.243758
0.283321
0.050967
0.101735
0.590354
0.802262
0.579678
0.612152
0.632015
0.591646
0.214373
0.563550
0.616955
0.804975
0.234686
0.193679
0.805799
0.905452
0.899026
0.860237
0.239309
0.139221
0.003858
0.825596
0.968938
0.921837
0.163796
0.628839
0.585230
0.804596
0.533165
0.828988
0.087917
0.584132
0.930723
0.678271
0.386394
0.510402
0.290423
0.018409
0.102048
0.504796
0.581959
0.719004
0.309771
0.816645
0.912682
0.115571
0.722097
0.811709
0.975807
0.961406
0.950930
0.979666
0.787003
0.919868
0.901502
0.950798
0.548708
0.486733
0.755394
0.081873
0.315721
0.843312
0.666005
0.246445
0.521583
0.052399
0.756846
0.812006
0.070808
0.858894
0.316801
0.652768
0.577898
0.626573
0.469413
0.490581
0.742143
0.191511
0.302290
0.717951
0.152917
0.253220
0.697616
0.939919
0.173089
0.599119
0.890718
0.721797
0.085852
0.646112
0.803670
0.401573
0.489424
0.469676
0.648018
0.011007
0.522075
0.404864
0.823012
0.592883
0.263759
0.139814
0.245651
0.841657
0.766387
0.715065
0.332238
0.508530
0.906575
0.634528
0.226481
0.059492
0.887747
0.924097
0.999412
0.060836
0.523216
0.890130
0.782633
0.609068
0.536243
0.586303
0.010642
0.025667
0.055979
0.658659
0.036674
0.578054
0.063524
0.859686
0.170937
0.327282
0.999500
0.416589
0.168940
0.765887
0.131653
0.501178
0.274417
0.038229
0.135705
0.500898
0.097721
0.023453
0.424995
0.097133
0.084289
0.948211
0.987263
0.866922
0.557279
0.523506
0.453226
0.567921
0.549173
0.509205
0.226580
0.585846
0.087259
0.290104
0.445533
0.258196
0.617386
0.445033
0.674785
0.786326
0.210920
0.806438
0.287504
0.485337
0.844667
0.423209
0.986235
0.942388
0.446662
0.411230
0.039521
0.530952
0.359441
0.026784
0.397874
0.916720
0.550290
0.851100
0.484641
0.099463
0.360305
0.711222
0.685309
0.447563
0.001326
0.130842
0.705760
0.618712
0.575875
0.380544
0.405038
0.786796
0.186983
0.692542
0.272133
0.031649
0.115752
0.258368
0.974037
0.562414
0.669598
0.013558
0.093366
0.029040
0.040343
0.491240
0.945760
0.590633
0.342340
0.430401
0.690095
0.702645
0.141623
0.375405
0.150208
0.142949
0.506247
0.855968
0.761661
0.082122
0.236512
0.166699
0.868918
0.423495
0.859241
0.141051
0.455144
0.974993
0.399419
0.429182
0.537407
0.069018
0.442740
0.630773
0.098057
0.483083
0.122013
0.043817
0.073716
0.464353
0.474219
0.763811
0.166998
0.615842
0.139216
0.317206
0.758790
0.645463
0.173174
0.520451
0.727586
0.409687
0.687151
0.596504
0.833181
0.546392
0.737555
0.288326
0.521386
0.136975
0.717508
0.058793
0.205993
0.160248
0.689566
0.304050
0.643331
0.811579
0.347868
0.717047
0.275933
0.822086
0.480859
0.442931
0.437928
0.620075
0.760137
0.196719
0.265539
0.933311
0.717170
0.993125
0.342998
0.404321
0.589629
0.176179
0.950713
0.327184
0.464505
0.472099
0.464159
0.182013
0.530892
0.670152
0.342262
0.220459
0.974202
0.985593
0.032038
0.322070
0.702641
0.307971
0.144156
0.183500
0.750901
0.582084
0.803575
0.511038
0.778803
0.069114
0.444350
0.495973
0.062239
0.787347
0.900294
0.651867
0.963526
0.851007
0.979052
0.428032
0.323107
0.443211
0.610045
0.853999
0.113363
0.952307
0.074458
0.087565
0.937901
0.106496
0.409634
0.640542
0.414467
0.553791
0.824041
0.165368
0.135875
0.627616
0.676407
0.914677
0.696730
0.120757
0.410650
0.758968
0.908104
0.310944
0.410836
0.871630
0.161952
0.389888
0.299663
0.485058
0.833099
0.909708
0.339058
0.946461
0.862016
0.413515
0.034026
0.799916
0.520011
0.443661
0.440458
0.934478
0.997451
0.264500
0.099847
0.133326
0.892116
0.776254
0.048004
0.588846
0.897010
0.458654
0.347815
0.805114
0.769599
0.758651
0.676745
0.931551
0.148539
0.976407
0.416609
0.981637
0.886116
0.755667
0.928099
0.748131
0.169182
0.962125
0.548048
0.689194
0.405786
0.988506
0.623672
0.403237
0.253006
0.723519
0.536564
0.145122
0.499773
0.584568
0.733968
0.396784
0.043222
0.081783
0.201898
0.812821
0.840433
0.878643
0.744372
0.988972
0.855051
0.160982
0.970610
0.741167
0.916648
0.898708
0.489298
0.085831
0.860834
0.037347
0.775025
0.266620
0.025853
0.398697
0.669857
0.278859
0.122217
0.206421
0.423981
0.621990
0.790989
0.157949
0.018774
0.834211
0.239732
0.220673
0.647033
0.080166
0.099316
0.391405
0.069138
0.954367
0.552387
0.039747
0.695535
0.469035
0.938456
0.184833
0.554866
0.799290
0.222180
0.329891
0.065910
0.248033
0.728589
0.735767
0.526892
0.850806
0.942188
0.950873
0.472796
0.733177
0.108823
0.491571
0.567389
0.348555
0.712243
0.214422
0.428720
0.811560
0.605827
0.497858
0.765927
0.158214
0.537606
0.461462
0.627249
0.476062
0.646295
0.182116
0.275352
0.868475
0.512007
0.341262
0.116508
0.240597
0.077029
0.643400
0.091403
0.019217
0.594273
0.564199
0.752395
0.703096
0.055770
0.319784
0.051651
0.768013
0.534206
0.480371
0.579573
0.140033
0.978229
0.345501
0.298248
0.515835
0.806963
0.925497
0.991897
0.453259
0.107613
0.267249
0.321734
0.619621
0.608510
0.438242
0.860217
0.685539
0.081642
0.951620
0.704756
0.675915
0.515819
0.457151
0.379011
0.571589
0.776935
0.430662
0.339602
0.311141
0.911033
0.919175
0.451175
0.889262
0.264676
0.749422
0.405098
0.071640
0.674919
0.396994
0.524898
0.782532
0.664243
0.846632
0.402153
0.272754
0.284874
0.262371
0.958293
0.366516
0.213991
0.663049
0.042431
0.729810
0.120201
0.421442
0.301399
0.897136
0.852103
0.641001
0.208277
0.763137
0.560176
0.659452
0.652399
0.824853
0.408874
0.057497
0.896492
0.083794
0.454491
0.421391
0.866326
0.118734
0.268023
0.268480
0.391488
0.552897
0.530851
0.349781
0.919412
0.744841
0.012830
0.961843
0.474651
0.133031
0.383285
0.776050
0.030167
0.235388
0.417051
0.238445
0.998525
0.977227
0.897897
0.650924
0.802080
0.306772
0.708421
0.698573
0.390566
0.162912
0.119964
0.256892
0.281647
0.387987
0.525372
0.673135
0.940884
0.056223
0.022916
0.860296
0.801065
0.035746
0.822139
0.275716
0.168778
0.205424
0.051766
0.198945
0.440813
0.468817
0.437390
0.439338
0.446044
0.335287
0.090262
0.248125
0.642059
0.798683
0.946698
0.032625
0.961595
0.066662
0.289517
0.243242
0.454648
0.814890
0.916377
0.395532
0.871113
0.939293
0.255828
0.672178
0.975040
0.077968
0.947894
0.143818
0.283392
0.999660
0.342763
0.724205
0.468477
0.780153
0.163543
0.914522
0.115440
0.253805
0.162647
0.757499
0.052488
0.109345
0.790124
0.014084
0.176006
0.079642
0.257327
0.630655
0.894532
0.173704
0.026187
0.765645
0.112998
0.282016
0.437823
0.088038
0.359984
0.385717
0.231855
0.643376
0.385377
0.574618
0.367581
0.853855
0.354771
0.531124
0.768377
0.470211
0.784929
0.931023
0.227711
0.837417
0.040368
0.017835
0.851501
0.216375
0.097477
0.108828
0.847029
0.992009
0.282532
0.873217
0.757655
0.395530
0.155233
0.195478
0.483568
0.515216
0.581195
0.715423
0.158592
0.966573
0.290041
0.526173
0.820428
0.644812
0.057297
0.588805
0.115024
0.842225
0.519828
0.342735
0.679643
0.560197
0.360570
0.531144
0.776571
0.458048
0.639973
0.623601
0.450057
0.922505
0.496818
0.207712
0.318035
0.652050
0.403190
0.801602
0.167267
0.984386
0.517026
0.325859
0.950959
0.807067
0.852032
0.771387
0.451879
0.909328
0.360192
0.566903
0.751554
0.880020
0.909638
0.431197
0.440217
0.270208
0.962341
0.216789
0.728256
0.602314
0.840390
0.178314
0.524819
0.337208
0.386026
0.842854
0.989258
0.789217
0.644457
0.156525
0.773603
0.161482
0.482384
0.724562
0.968549
0.334416
0.495949
0.420429
0.243744
0.856141
0.987332
0.995298
0.736162
0.896970
0.426496
0.176379
0.167179
0.388837
0.393167
0.895435
0.991152
0.233557
0.073749
0.515971
0.570765
0.459775
0.358825
0.560023
0.248992
0.003282
0.716548
0.022595
0.164764
0.198932
0.747157
0.133314
0.533348
0.243106
0.553742
0.777093
0.099247
0.541074
0.772391
0.835409
0.438045
0.198887
0.011788
0.605223
0.587725
0.404956
0.500659
0.578877
0.638513
0.574407
0.094848
0.209278
0.034183
0.453673
0.769301
0.283175
0.456955
0.485849
0.305770
0.621719
0.684782
0.052926
0.755033
0.218130
0.296033
0.308776
0.995223
0.395280
0.849850
0.767615
0.230689
0.287895
0.966502
0.242477
0.893119
0.554227
0.647433
0.393777
0.133104
0.285946
0.968185
0.227952
0.495224
0.002368
0.681625
0.264525
0.285542
0.138580
0.750374
0.591312
0.760299
0.435156
0.644239
0.515333
0.653287
0.940271
0.824108
0.648510
0.335551
0.673959
0.416126
0.566241
0.961854
0.382628
0.808718
0.854973
0.936856
0.456151
0.248750
0.069960
0.742097
0.216935
0.297912
0.237321
0.219303
0.979537
0.501846
0.504845
0.118118
0.252221
0.096157
0.878417
0.687377
0.740396
0.393750
0.340664
0.680667
0.217858
0.989175
0.016219
0.891817
0.405300
0.582460
0.853671
0.787929
0.391178
0.708644
0.724784
0.847329
0.957394
0.794744
0.589427
0.174329
0.092657
0.826748
0.393632
0.072194
0.328594
0.898477
0.190312
0.580815
0.994635
0.068729
0.268192
0.735031
0.462479
0.608857
0.415699
0.680337
0.598032
0.431917
0.572154
0.003332
0.014377
0.425826
0.791261
0.405555
0.134470
0.516045
0.252885
0.091864
0.310790
0.842312
0.266194
0.403447
0.669060
0.659826
0.475641
0.997655
0.558304
0.665953
0.578470
0.552939
0.734682
0.846662
0.287970
0.197161
