8192
0.915795
0.711411
0.384935
0.163709
0.286320
0.887960
0.826062
0.045245
0.979130
0.360346
0.999696
0.165585
0.590775
0.101926
0.835887
0.682699
0.618643
0.480070
0.492138
0.327110
0.328912
0.828221
0.483380
0.753242
0.412291
0.798157
0.150377
0.350263
0.599167
0.456250
0.096583
0.514962
0.167660
0.481518
0.678672
0.453981
0.369478
0.504734
0.499226
0.348608
0.865080
0.498922
0.514194
0.455855
0.600848
0.350081
0.138554
0.219491
0.830150
0.630692
0.546601
0.159062
0.458913
0.029981
0.912304
0.871205
0.828139
0.062681
0.221467
0.427305
0.518931
0.318050
0.942268
0.686591
0.799568
0.620940
0.140572
0.169045
0.125673
0.639798
0.517654
0.990753
0.138720
0.031847
0.446608
0.739568
0.381928
0.585162
0.959058
0.212078
0.215854
0.505660
0.371140
0.674768
0.535641
0.283445
0.545972
0.363780
0.346126
0.767440
0.791085
0.865057
0.085490
0.733353
0.551648
0.885057
0.354292
0.692220
0.054103
0.479966
0.332018
0.571756
0.470719
0.470738
0.603603
0.917327
0.210306
0.985531
0.502489
0.169365
0.197609
0.718343
0.675024
0.568749
0.393111
0.210665
0.852194
0.939083
0.574445
0.198320
0.706523
0.365530
0.063377
0.792012
0.098883
0.615025
0.677069
0.453176
0.307245
0.731172
0.933141
0.639264
0.302928
0.403860
0.110002
0.906531
0.321187
0.320308
0.892062
0.823676
0.489673
0.089671
0.542019
0.164697
0.658420
0.935130
0.375362
0.510614
0.874213
0.949807
0.708934
0.580735
0.315337
0.772311
0.372748
0.414221
0.387336
0.049817
0.867396
0.694581
0.780989
0.800538
0.333844
0.083917
0.204398
0.443846
0.990448
0.525585
0.764155
0.882510
0.349261
0.253827
0.972181
0.891280
0.418524
0.630601
0.826409
0.793887
0.141215
0.700622
0.743694
0.850149
0.281357
0.059031
0.622459
0.654105
0.473252
0.009795
0.703922
0.340648
0.704375
0.484910
0.141186
0.038220
0.568827
0.345583
0.482066
0.559275
0.871168
0.246221
0.441785
0.220429
0.500048
0.413966
0.111709
0.918573
0.044567
0.938118
0.712459
0.185782
0.638740
0.456153
0.035930
0.920097
0.515185
0.658390
0.574201
0.988437
0.668184
0.278123
0.329085
0.372560
0.763033
0.470270
0.410780
0.331861
0.815854
0.892846
0.891136
0.687022
0.139067
0.332921
0.907451
0.639115
0.746888
0.019160
0.557688
0.791455
0.957278
0.270147
0.977236
0.596017
0.726301
0.013167
0.516114
0.241485
0.671557
0.090315
0.229922
0.339741
0.368438
0.559007
0.712301
0.131471
0.029277
0.123080
0.463332
0.845131
0.015927
0.354467
0.532154
0.154994
0.687389
0.439605
0.794109
0.434276
0.458765
0.351797
0.225731
0.416042
0.621945
0.202968
0.012060
0.348245
0.216134
0.528173
0.589731
0.887691
0.618489
0.819653
0.227432
0.986926
0.378660
0.939733
0.118397
0.407937
0.062813
0.581729
0.253068
0.078740
0.936196
0.785222
0.233734
0.623585
0.224827
0.027843
0.057861
0.683591
0.379640
0.283592
0.099633
0.001585
0.486560
0.111693
0.349830
0.702694
0.639866
0.939561
0.590385
0.258355
0.759214
0.817817
0.245281
0.137873
0.757550
0.363679
0.545810
0.820363
0.945407
0.798878
0.899103
0.881604
0.584100
0.132837
0.505189
0.808926
0.160680
0.563050
0.492518
0.540320
0.846643
0.592151
0.541905
0.333202
0.703844
0.891735
0.035897
0.343711
0.831296
0.626282
0.602065
0.590510
0.444100
0.847347
0.728383
0.201650
0.211025
0.274193
0.022013
0.156433
0.073071
0.921116
0.038036
0.657171
0.053953
0.543225
0.466098
0.214632
0.106275
0.958615
0.754952
0.952918
0.550766
0.296857
0.286120
0.254611
0.188593
0.322017
0.598321
0.019889
0.948299
0.200387
0.610399
0.392399
0.047733
0.338782
0.594049
0.258759
0.612974
0.616062
0.415191
0.686046
0.537178
0.453228
0.343217
0.591131
0.996452
0.809315
0.805763
0.102727
0.767930
0.560716
0.055645
0.318696
0.857573
0.341765
0.573307
0.046165
0.663782
0.171628
0.066054
0.612081
0.372015
0.676453
0.004480
0.419748
0.015234
0.598529
0.678507
0.628209
0.214592
0.093698
0.314254
0.751770
0.546926
0.657471
0.342901
0.543378
0.466786
0.148664
0.646106
0.234716
0.709380
0.701751
0.553412
0.566953
0.043516
0.126719
0.613118
0.707297
0.298347
0.679172
0.319379
0.670362
0.355624
0.323859
0.090110
0.370858
0.922388
0.768617
0.999067
0.136980
0.862315
0.313321
0.888750
0.409241
0.970792
0.231651
0.952619
0.437578
0.380315
0.598724
0.672293
0.089695
0.300475
0.225705
0.656648
0.343990
0.352424
0.269765
0.051288
0.650771
0.948937
0.370666
0.321133
0.304561
0.694525
0.411243
0.675420
0.616914
0.179860
0.674486
0.753893
0.042174
0.987808
0.642643
0.451415
0.958600
0.874294
0.404034
0.396178
0.254609
0.002758
0.068471
0.344305
0.303233
0.294177
0.000952
0.647224
0.646601
0.270718
0.698511
0.297372
0.219655
0.069178
0.618505
0.524216
0.763703
0.029747
0.199635
0.380617
0.209607
0.874122
0.134510
0.251781
0.861930
0.777153
0.703197
0.820529
0.651448
0.107230
0.216707
0.906057
0.109989
0.285179
0.250362
0.413222
0.579355
0.251314
0.060445
0.225956
0.522031
0.758957
0.523328
0.741686
0.828134
0.141832
0.265902
0.591838
0.171580
0.465537
0.972454
0.381187
0.339659
0.106964
0.632968
0.201589
0.884118
0.336165
0.022118
0.535565
0.443395
0.238825
0.441622
0.553384
0.524004
0.691984
0.966605
0.103359
0.943298
0.027051
0.329315
0.465329
0.786007
0.852643
0.207015
0.614142
0.994475
0.472916
0.205979
0.166055
0.938453
0.178434
0.547242
0.278112
0.285398
0.180210
0.479701
0.169516
0.516374
0.501819
0.705081
0.959769
0.740645
0.146703
0.513153
0.264649
0.838687
0.479759
0.368008
0.781985
0.506809
0.697323
0.247313
0.292817
0.549966
0.454328
0.906958
0.544441
0.927244
0.112938
0.710495
0.865697
0.291371
0.257737
0.143810
0.576769
0.437947
0.623511
0.746285
0.954321
0.125331
0.451366
0.914090
0.865975
0.598069
0.427243
0.130624
0.436756
0.907002
0.498632
0.218741
0.413811
0.195955
0.466054
0.706628
0.745921
0.920382
0.613586
0.290361
0.847626
0.726524
0.000857
0.713324
0.017896
0.258594
0.857133
0.594665
0.696540
0.480645
0.340950
0.650861
0.605975
0.792316
0.564952
0.471950
0.390386
0.992195
0.602575
0.827142
0.899197
0.101207
0.045883
0.313008
0.297162
0.511937
0.019636
0.043083
0.432319
0.633223
0.333445
0.279946
0.359747
0.334301
0.993269
0.377643
0.592895
0.850403
0.972308
0.289435
0.331047
0.313258
0.940296
0.937022
0.105575
0.505248
0.408973
0.495960
0.497443
0.011548
0.323102
0.396640
0.112755
0.368985
0.709648
0.409917
0.880922
0.729285
0.453000
0.313242
0.362508
0.786445
0.593188
0.722255
0.120746
0.586457
0.099898
0.713641
0.436859
0.072206
0.003076
0.767907
0.385464
0.943372
0.704929
0.491039
0.448620
0.113902
0.986999
0.946063
0.125449
0.310101
0.342703
0.238204
0.679087
0.052352
0.648121
0.560009
0.781637
0.101121
0.873251
0.144144
0.887565
0.466439
0.866399
0.008311
0.052895
0.966297
0.721952
0.489755
0.038502
0.725028
0.257662
0.423967
0.668401
0.962591
0.915005
0.117021
0.076493
0.902004
0.063085
0.201942
0.212106
0.405788
0.440146
0.891192
0.458140
0.088267
0.451202
0.239777
0.189388
0.324453
0.383921
0.076954
0.790891
0.250320
0.085265
0.843786
0.216617
0.807217
0.333541
0.255119
0.532245
0.591203
0.679085
0.200646
0.553794
0.594091
0.317667
0.630286
0.496095
0.380752
0.832228
0.708201
0.786540
0.272374
0.599394
0.244680
0.360642
0.050595
0.484456
0.550030
0.375048
0.868377
0.626983
0.165939
0.118697
0.712248
0.009725
0.335314
0.519465
0.343267
0.590433
0.051710
0.934469
0.269518
0.252356
0.488263
0.863609
0.570023
0.118549
0.359704
0.950775
0.950777
0.067905
0.737314
0.223152
0.667299
0.981994
0.583794
0.717894
0.466450
0.133823
0.092942
0.334827
0.760807
0.258881
0.453524
0.473055
0.268606
0.788838
0.992520
0.611873
0.379270
0.044230
0.546342
0.648788
0.296586
0.034605
0.512397
0.866609
0.153154
0.872102
0.817384
0.103932
0.940007
0.554698
0.327084
0.607306
0.536692
0.910878
0.325200
0.003141
0.044701
0.418142
0.337968
0.805508
0.677023
0.791492
0.278563
0.945629
0.580330
0.271082
0.557501
0.959600
0.315313
0.103844
0.608389
0.611899
0.138449
0.120786
0.478508
0.291603
0.992888
0.295892
0.395535
0.932895
0.850590
0.722619
0.540200
0.387281
0.633497
0.865400
0.390423
0.678198
0.283542
0.728391
0.483706
0.960565
0.519883
0.762268
0.906193
0.100214
0.033351
0.463695
0.059814
0.348663
0.567538
0.668203
0.960562
0.705987
0.788989
0.439070
0.997591
0.781877
0.734961
0.393126
0.714771
0.585551
0.115746
0.254972
0.972832
0.749243
0.120372
0.363255
0.427441
0.403914
0.091646
0.911146
0.364479
0.611529
0.673415
0.270672
0.711743
0.706765
0.734367
0.771557
0.055428
0.301905
0.439760
0.015990
0.007893
0.228749
0.455060
0.005483
0.010625
0.190021
0.398610
0.725397
0.775572
0.514355
0.980368
0.748404
0.263598
0.100740
0.111658
0.691039
0.504654
0.203304
0.602185
0.869133
0.814833
0.275599
0.139805
0.526576
0.982365
0.874172
0.298133
0.037793
0.176077
0.737893
0.053783
0.183969
0.966641
0.508843
0.189453
0.977267
0.698864
0.588062
0.702663
0.474435
0.102418
0.683032
0.222839
0.366015
0.783772
0.334498
0.057054
0.288426
0.537802
0.659239
0.157559
0.352635
0.934838
0.297364
0.879212
0.917203
0.171536
0.177345
0.954996
0.347613
0.915238
0.008779
0.531582
0.881879
0.517621
0.721035
0.859146
0.216485
0.309097
0.561809
0.690920
0.411515
0.244841
0.913760
0.777530
0.028613
0.248258
0.834584
0.317039
0.786060
0.493823
0.474598
0.138695
0.428662
0.771963
0.017907
0.345865
0.943499
0.195252
0.300860
0.291112
0.110489
0.309639
0.822694
0.992368
0.827260
0.543729
0.851514
0.043745
0.852826
0.413323
0.734666
0.264341
0.658163
0.648426
0.041872
0.686776
0.896683
0.876456
0.003815
0.682743
0.370280
0.478413
0.821438
0.798941
0.250376
0.839344
0.144806
0.193874
0.034596
0.445666
0.484986
0.145085
0.755305
0.307680
0.137453
0.582566
0.851409
0.988967
0.626311
0.704235
0.402290
0.360977
0.968577
0.060453
0.009402
0.010448
0.747229
0.906085
0.886905
0.751044
0.588828
0.257184
0.229457
0.410266
0.056126
0.479832
0.249610
0.200931
0.673706
0.284206
0.646598
0.158692
0.429292
0.401903
0.466372
0.566745
0.984468
0.317781
0.555712
0.610779
0.022016
0.958001
0.971756
0.990593
0.018454
0.981158
0.001041
0.765683
0.887244
0.887946
0.516727
0.476072
0.145130
0.746183
0.886338
0.201256
0.226016
0.135948
0.402187
0.899722
0.420155
0.048785
0.058414
0.849446
0.450688
0.524787
0.416191
0.435156
0.842568
0.971903
0.045935
0.864584
0.929904
0.017691
0.855177
0.948358
0.998850
0.856219
0.714042
0.886094
0.744164
0.230768
0.362166
0.889294
0.976952
0.248504
0.090550
0.202967
0.384452
0.492737
0.102689
0.804607
0.541521
0.161104
0.654053
0.992209
0.685890
0.070244
0.427365
0.528458
0.042147
0.473301
0.393042
0.972051
0.490992
0.248220
0.920410
0.489842
0.104438
0.634451
0.375935
0.848602
0.865219
0.738101
0.737897
0.842171
0.986604
0.828447
0.045138
0.371056
0.321183
0.147828
0.175663
0.862705
0.308931
0.829716
0.854914
0.994822
0.899960
0.282279
0.523280
0.942107
0.755580
0.916322
0.914158
0.246572
0.164542
0.834568
0.736413
0.268980
0.469019
0.112349
0.117582
0.334238
0.850450
0.855479
0.176410
0.837054
0.683926
0.221548
0.208111
0.005109
0.369376
0.383774
0.867814
0.678307
0.213489
0.722728
0.673129
0.113450
0.005007
0.196409
0.055557
0.760587
0.112731
0.969715
0.007159
0.277273
0.804283
0.743572
0.546253
0.273302
0.855921
0.663835
0.607541
0.706371
0.519314
0.783950
0.543425
0.203240
0.005498
0.751535
0.208349
0.374874
0.135309
0.076163
0.053181
0.348798
0.798891
0.726310
0.462248
0.803899
0.922718
0.517805
0.564486
0.035449
0.487520
0.571644
0.312722
0.291803
0.315216
0.858975
0.565105
0.171137
0.522810
0.172646
0.877508
0.042124
0.956596
0.420933
0.245364
0.962094
0.172468
0.453713
0.336967
0.307777
0.529876
0.390148
0.656576
0.328768
0.116458
0.118824
0.132666
0.039176
0.636628
0.697152
0.074625
0.124148
0.268796
0.387348
0.415951
0.584013
0.246323
0.981057
0.755150
0.769133
0.153702
0.632658
0.811258
0.110298
0.053591
0.056622
0.072392
0.226059
0.510336
0.409360
0.533836
0.040212
0.799508
0.190412
0.368980
0.915966
0.309236
0.501646
0.955142
0.945864
0.198798
0.029767
0.070012
0.467595
0.417115
0.485964
0.051608
0.663438
0.467021
0.806758
0.432571
0.620723
0.439416
0.243829
0.731021
0.493007
0.300452
0.803413
0.719067
0.810787
0.212773
0.252903
0.850999
0.012281
0.443315
0.219979
0.928246
0.752551
0.721625
0.883388
0.698414
0.920424
0.913155
0.768427
0.388019
0.330270
0.254391
0.439626
0.993708
0.721411
0.246384
0.426279
0.342134
0.685800
0.670108
0.073155
0.178808
0.970560
0.876569
0.897874
0.781347
0.089342
0.150777
0.632346
0.101623
0.594092
0.852325
0.029869
0.346643
0.573951
0.913257
0.045057
0.494375
0.826412
0.813484
0.882393
0.156682
0.067875
0.322019
0.150390
0.789286
0.568404
0.576669
0.131420
0.254204
0.246777
0.204576
0.433012
0.217337
0.081145
0.330886
0.998684
0.170487
0.481663
0.631031
0.272110
0.075755
0.483356
0.301979
0.422398
0.057307
0.215236
0.467455
0.551681
0.041648
0.280940
0.434074
0.198330
0.348814
0.756094
0.348720
0.138100
0.324497
0.925389
0.269521
0.578701
0.172166
0.474096
0.011713
0.389503
0.555241
0.342598
0.388188
0.725727
0.824261
0.019218
0.997837
0.900017
0.502575
0.299816
0.322415
0.559882
0.515052
0.789870
0.111563
0.556700
0.070810
0.545637
0.755031
0.419624
0.301731
0.103751
0.557724
0.626229
0.029140
0.827245
0.204930
0.201306
0.301341
0.216642
0.590809
0.856582
0.559241
0.978997
0.582310
0.383502
0.998216
0.580147
0.283519
0.500790
0.879963
0.605934
0.060672
0.395015
0.395804
0.172235
0.951715
0.466613
0.717872
0.706746
0.886238
0.019603
0.810497
0.443962
0.645832
0.839636
0.271207
0.850762
0.040942
0.572548
0.067404
0.631752
0.429131
0.626645
0.610749
0.011440
0.010147
0.608964
0.591587
0.293666
0.109755
0.471550
0.899600
0.170426
0.866565
0.295404
0.342661
0.818280
0.762017
0.060533
0.525025
0.648255
0.080136
0.335522
0.092217
0.725968
0.175158
0.363424
0.576729
0.216101
0.935972
0.644134
0.847852
0.365103
0.270779
0.458601
0.376543
0.280926
0.067565
0.968130
0.574592
0.177320
0.439680
0.474192
0.347746
0.306245
0.769596
0.690407
0.124524
0.531614
0.750940
0.649550
0.179869
0.831076
0.985072
0.272086
0.557044
0.160230
0.635510
0.133773
0.376331
0.571482
0.777907
0.224183
0.936585
0.048685
0.682784
0.313128
0.329611
0.750349
0.281259
0.904204
0.927669
0.720939
0.378396
0.275415
0.027184
0.147992
0.965822
0.151708
0.679606
0.716762
0.801258
0.859475
0.547838
0.786330
0.131561
0.104882
0.946560
0.767071
0.238655
0.322891
0.338552
0.016562
0.547074
0.275137
0.065248
0.229858
0.588266
0.394859
0.980207
0.869524
0.299062
0.907877
0.590463
0.677458
0.183292
0.617647
0.825451
0.149115
0.769355
0.505057
0.865877
0.570613
0.364532
0.413715
0.356943
0.496093
0.518597
0.303503
0.263164
0.757252
0.626394
0.601716
0.773815
0.173468
0.876853
0.839062
0.403326
0.465119
0.233921
0.383533
0.334643
0.532984
0.291410
0.925107
0.210442
0.474702
0.542754
0.035893
0.623817
0.312109
0.540950
0.489694
0.882722
0.905482
0.903409
0.239665
0.401575
0.422006
0.543168
0.664739
0.179258
0.169562
0.266455
0.953072
0.343030
0.143308
0.792135
0.746355
0.608427
0.026056
0.129889
0.943071
0.559039
0.421299
0.868177
0.769481
0.896001
0.410931
0.805374
0.519818
0.723039
0.346324
0.009512
0.605761
0.251806
0.912920
0.845426
0.653382
0.334926
0.388594
0.318121
0.514184
0.558156
0.584575
0.467256
0.901185
0.727884
0.259391
0.647541
0.336311
0.285447
0.777429
0.279382
0.844486
0.198728
0.147559
0.613967
0.094729
0.558489
0.419342
0.614547
0.281529
0.765666
0.624059
0.887290
0.017472
0.536979
0.732716
0.670854
0.871905
0.121310
0.988975
0.386089
0.679466
0.573550
0.853345
0.580652
0.301434
0.112735
0.228193
0.637745
0.398182
0.005622
0.917126
0.242668
0.204350
0.064685
0.856635
0.299079
0.623174
0.275977
0.913626
0.904703
0.041642
0.537685
0.791993
0.059115
0.074664
0.524709
0.729969
0.946569
0.646020
0.718943
0.332657
0.325486
0.292493
0.186002
0.906138
0.593927
0.298737
0.134330
0.231671
0.696919
0.139952
0.148798
0.939587
0.344302
0.213483
0.796222
0.643381
0.836657
0.072199
0.557007
0.741360
0.113841
0.094692
0.533353
0.172956
0.169356
0.058063
0.902925
0.115924
0.704082
0.621868
0.448581
0.029568
0.914361
0.634583
0.935706
0.508288
0.933320
0.070036
0.739959
0.630239
0.209989
0.888757
0.569826
0.554291
0.102239
0.366048
0.197672
0.938896
0.438247
0.754679
0.680257
0.552088
0.849371
0.213610
0.725043
0.018727
0.271673
0.627968
0.134651
0.975755
0.249836
0.583233
0.005323
0.164197
0.217816
0.941029
0.672485
0.151136
0.011066
0.412444
0.781376
0.221054
0.301201
0.351202
0.775345
0.403440
0.717250
0.973017
0.342337
0.155497
0.727696
0.022593
0.707585
0.577068
0.236203
0.432628
0.595795
0.507876
0.060596
0.730446
0.483631
0.310432
0.313679
0.488954
0.474629
0.531495
0.429983
0.147114
0.682631
0.441049
0.559558
0.464007
0.662103
0.860759
0.815209
0.437449
0.264199
0.532459
0.410466
0.606536
0.687956
0.138162
0.629129
0.395541
0.715230
0.865333
0.828169
0.311025
0.373209
0.888766
0.041471
0.856839
0.199198
0.355149
0.345793
0.673827
0.886644
0.775776
0.820941
0.569276
0.216825
0.380499
0.033283
0.878929
0.241258
0.848492
0.316377
0.505457
0.380951
0.726843
0.111993
0.068908
0.865005
0.741122
0.464449
0.580235
0.606455
0.292618
0.891260
0.979663
0.181384
0.932730
0.836502
0.380581
0.287880
0.182296
0.054408
0.174524
0.958072
0.875349
0.743800
0.174897
0.255848
0.777082
0.053826
0.497105
0.625574
0.370203
0.002562
0.006525
0.097046
0.114554
0.075433
0.962052
0.855676
0.539882
0.542287
0.462131
0.832500
0.433546
0.441794
0.013884
0.366277
0.278296
0.394465
0.654157
0.460592
0.448873
0.828681
0.418664
0.324222
0.572480
0.593561
0.580070
0.349563
0.647388
0.077175
0.975137
0.017591
0.079736
0.981662
0.114637
0.194291
0.057095
0.076689
0.049967
0.596977
0.618976
0.512097
0.429477
0.052522
0.953891
0.443361
0.418799
0.232187
0.837826
0.072955
0.692779
0.286699
0.901636
0.111443
0.610921
0.474117
0.705004
0.190990
0.823679
0.352392
0.268165
0.798816
0.369983
0.347902
0.780478
0.484620
0.542192
0.837573
0.561309
0.592159
0.434551
0.180285
0.104256
0.864028
0.232806
0.058148
0.307388
0.651605
0.290335
0.145214
0.724560
0.983114
0.431913
0.626196
0.094557
0.042834
0.100313
0.799561
0.233824
0.923992
0.151953
0.501989
0.722808
0.521936
0.849891
0.503287
0.006556
0.392083
0.340860
0.567865
0.984242
0.775411
0.748150
0.088499
0.639438
0.980956
0.146646
0.946827
0.632561
0.436981
0.092041
0.357121
0.420095
0.523953
0.983318
0.514652
0.566787
0.083631
0.314213
0.800611
0.007623
0.466166
0.302600
0.730432
0.988102
0.152491
0.233718
0.994658
0.544574
0.574578
0.562523
0.528817
0.349989
0.310673
0.617315
0.989427
0.291629
0.763961
0.936254
0.924190
0.200942
0.028294
0.281311
0.621037
0.552248
0.264629
0.135689
0.119035
0.348260
0.449901
0.919646
0.355883
0.916067
0.222246
0.086315
0.904169
0.374738
0.320033
0.898827
0.919312
0.894612
0.461350
0.448129
0.244600
0.772023
0.065444
0.234028
0.063652
0.829405
0.170282
0.987842
0.030347
0.198576
0.269153
0.651384
0.750824
0.533782
0.787073
0.869859
0.882042
0.236974
0.789505
0.237926
0.153042
0.011751
0.324241
0.057211
0.386489
0.644274
0.956038
0.305801
0.538885
0.417388
0.753930
0.783486
0.189411
0.819374
0.017513
0.253063
0.648779
0.187795
0.240905
0.679126
0.386371
0.510057
0.330510
0.137195
0.043839
0.117583
0.007054
0.925882
0.354557
0.796559
0.163807
0.507599
0.808310
0.488048
0.564810
0.194799
0.132322
0.520848
0.500600
0.671207
0.938236
0.254530
0.454693
0.127648
0.073904
0.472206
0.380711
0.722682
0.660001
0.621615
0.401808
0.046372
0.131673
0.732318
0.183567
0.175512
0.849901
0.190620
0.101394
0.204458
0.987179
0.265201
0.712057
0.795489
0.753249
0.276867
0.990288
0.885571
0.797715
0.490888
0.556777
0.735951
0.745418
0.011470
0.863599
0.819322
0.483676
0.244310
0.542004
0.143677
0.865926
0.943812
0.190049
0.997598
0.676130
0.373616
0.173111
0.526031
0.564236
0.274505
0.730489
0.551415
0.539706
0.442547
0.346904
0.292955
0.719414
0.337192
0.178526
0.517129
0.828080
0.735303
0.253080
0.573499
0.746773
0.116679
0.392820
0.230449
0.360989
0.934824
0.374126
0.226915
0.878636
0.564174
0.224513
0.554766
0.937790
0.397624
0.080797
0.502026
0.672129
0.811287
0.053441
0.211834
0.253833
0.400345
0.504789
0.973247
0.737537
0.683315
0.490376
0.565618
0.418618
0.743456
0.139116
0.165391
0.860135
0.531936
0.395840
0.221124
0.466761
0.769966
0.448039
0.345397
0.334140
0.672552
0.900163
0.271930
0.070176
0.980961
0.773956
0.742305
0.792247
0.827397
0.954139
0.046081
0.227743
0.458929
0.019328
0.965280
0.142244
0.509703
0.530898
0.560862
0.253159
0.670014
0.726253
0.113294
0.201950
0.122093
0.334418
0.668711
0.892059
0.782457
0.014108
0.226199
0.455009
0.914271
0.498129
0.525185
0.895232
0.272085
0.267490
0.687479
0.099483
0.221629
0.733560
0.327226
0.680558
0.752888
0.292506
0.822802
0.262591
0.823403
0.383663
0.515750
0.493417
0.109916
0.629044
0.695367
0.232009
0.963463
0.364078
0.124068
0.745920
0.378185
0.350267
0.200929
0.292456
0.848396
0.726115
0.187688
0.120481
0.993605
0.875167
0.219964
0.215234
0.608727
0.547190
0.895792
0.361615
0.839695
0.718593
0.624206
0.663099
0.102257
0.139957
0.156515
0.212173
0.769001
0.851882
0.444182
0.732464
0.215960
0.568250
0.478384
0.594146
0.918517
0.679313
0.886602
0.766913
0.405427
0.074290
0.887395
0.399032
0.949458
0.107359
0.614266
0.558185
0.654549
0.510058
0.919800
0.494245
0.228651
0.544006
0.157343
0.330907
0.683963
0.313859
0.543080
0.452964
0.165741
0.987262
0.185428
0.381701
0.555513
0.663812
0.975847
0.474030
0.343125
0.862449
0.240944
0.748552
0.936739
0.128338
0.147584
0.886196
0.235698
0.761850
0.444381
0.890247
0.271907
0.364181
0.384491
0.500558
0.908188
0.541835
0.831465
0.592151
0.855693
0.374545
0.045115
0.021434
0.361808
0.230544
0.403135
0.917320
0.894355
0.378982
0.391351
0.237480
0.241431
0.632294
0.986032
0.178169
0.760633
0.133615
0.064366
0.996330
0.895465
0.508747
0.886577
0.167372
0.872928
0.271069
0.667930
0.781116
0.812903
0.499395
0.373267
0.668597
0.873940
0.418382
0.690031
0.235748
0.648925
0.093166
0.153068
0.543281
0.472148
0.544419
0.780761
0.713579
0.176713
0.766792
0.891748
0.937345
0.900408
0.956114
0.933676
0.795873
0.464861
0.820253
0.963245
0.337789
0.091322
0.631174
0.118905
0.904225
0.130569
0.492172
0.572822
0.004509
0.910554
0.262853
0.240257
0.559479
0.356019
0.393325
0.102760
0.828167
0.937743
0.883520
0.541746
0.114456
0.650313
0.433494
0.051802
0.550721
0.389608
0.985477
0.346594
0.854469
0.805731
0.309838
0.192258
0.897052
0.941013
0.311163
0.801278
0.071582
0.803335
0.374100
0.076091
0.713889
0.636953
0.316348
0.273368
0.992972
0.709672
0.376127
0.821139
0.647416
0.259648
0.362885
0.761872
0.909961
0.796378
0.813673
0.460682
0.185986
0.799151
0.807275
0.040455
0.604881
0.117113
0.232713
0.501934
0.058126
0.543876
0.303211
0.129708
0.347211
0.677311
0.205799
0.061100
0.314264
0.522147
0.334468
0.307236
0.231819
0.710595
0.128375
0.879234
0.970243
0.491259
0.641106
0.880204
0.287638
0.454779
0.340885
0.473624
0.253930
0.148160
0.514079
0.858811
0.265274
0.746792
0.360745
0.323400
0.290668
0.663956
0.453108
0.637880
0.341268
0.658907
0.698980
0.655532
0.181053
0.033447
0.962768
0.412872
0.744042
0.091142
0.292106
0.714285
0.582402
0.933212
0.594489
0.870040
0.387992
0.935374
0.343664
0.641922
0.083535
0.857743
0.500733
0.348808
0.604535
0.861478
0.672208
0.895204
0.525434
0.125316
0.533083
0.866701
0.784222
0.232063
0.522233
0.965275
0.265511
0.485000
0.378147
0.009553
0.576143
0.670253
0.723838
0.158545
0.603465
0.318327
0.028585
0.991457
0.253702
0.372248
0.633379
0.337236
0.229991
0.134111
0.686045
0.834527
0.995589
0.358253
0.729730
0.521023
0.483568
0.262814
0.387724
0.267791
0.494877
0.909957
0.233066
0.760387
0.394957
0.611213
0.769940
0.971100
0.281466
0.493778
0.129645
0.884931
0.812106
0.158230
0.876388
0.065807
0.530478
0.509767
0.403044
0.760470
0.643878
0.089088
0.594996
0.639467
0.447341
0.324726
0.160490
0.930909
0.587540
0.548214
0.198700
0.082417
0.458170
0.431766
0.842804
0.853128
0.042978
0.612745
0.824228
0.324444
0.106523
0.953873
0.209376
0.918629
0.112103
0.085764
0.984436
0.642581
0.595531
0.387480
0.403050
0.239409
0.476568
0.998046
0.878876
0.923909
0.322773
0.039366
0.854818
0.910313
0.587580
0.053518
0.992730
0.045750
0.485283
0.835534
0.898878
0.528262
0.448279
0.723106
0.852706
0.554802
0.676979
0.062082
0.473431
0.789082
0.147846
0.457867
0.431662
0.743377
0.845347
0.834712
0.982787
0.321915
0.832759
0.861663
0.245823
0.155532
0.901029
0.100641
0.065844
0.488609
0.154159
0.058574
0.534359
0.639442
0.894109
0.433237
0.167704
0.342388
0.156343
0.020410
0.897190
0.833322
0.082492
0.370621
0.622403
0.230338
0.828489
0.054066
0.973715
0.673835
0.888778
0.956502
0.995750
0.721537
0.818165
0.241573
0.877068
0.719195
0.342214
0.942913
0.207804
0.496373
0.001487
0.742163
0.135815
0.895596
0.175400
0.303519
0.237984
0.331743
0.323928
0.135174
0.165065
0.406420
0.505795
0.787469
0.636757
0.334283
0.841534
0.610473
0.008119
0.730313
0.566975
0.003869
0.451849
0.385140
0.245442
0.328918
0.104335
0.587657
0.271831
0.312139
0.084030
0.273318
0.054302
0.219845
0.168914
0.229702
0.523363
0.406898
0.561446
0.847291
0.542071
0.726511
0.253711
0.047866
0.513980
0.890469
0.382150
0.355514
0.500941
0.390269
0.085827
0.067916
0.394138
0.537676
0.453056
0.639580
0.866594
0.557390
0.227237
0.138425
0.869529
0.311266
0.411743
0.923831
0.531111
0.580657
0.153534
0.054474
0.987555
0.714979
0.901766
0.529626
0.441490
0.155477
0.577493
0.955470
0.045945
0.959643
0.310984
0.546886
0.349912
0.396811
0.614802
0.744049
0.934487
0.067858
0.383629
0.801081
0.625248
0.610866
0.939506
0.494777
0.922132
0.351249
0.418609
0.453243
0.931906
0.572142
0.507717
0.919461
0.287122
0.409483
0.449087
0.728612
0.564959
0.026580
0.684082
0.610905
0.986222
0.995066
0.157791
0.336134
0.391877
0.772593
0.080183
0.326363
0.840451
0.463813
0.127444
0.465699
0.074678
0.066949
0.960476
0.996810
0.418198
0.379085
0.450053
0.350104
0.951227
0.957770
0.269564
0.238349
0.367253
0.718651
0.966961
0.932212
0.745231
0.651043
0.543117
0.731453
0.646109
0.700908
0.067587
0.037986
0.473501
0.147771
0.364349
0.313952
0.611583
0.491793
0.779650
0.686262
0.558742
0.740127
0.683072
0.976940
0.119211
0.133125
0.327043
0.070438
0.090896
0.596608
0.308787
0.458149
0.315259
0.275748
0.390361
0.060490
0.926791
0.933478
0.791943
0.572900
0.634385
0.859530
0.610886
0.107886
0.007301
0.975235
0.421838
0.618884
0.467028
0.201488
0.305146
0.025770
0.941615
0.988218
0.002709
0.060826
0.121344
0.329753
0.131264
0.212239
0.926361
0.440051
0.670388
0.241619
0.715799
0.060749
0.302109
0.642590
0.994226
0.094052
0.215490
0.628612
0.953582
0.826376
0.736498
0.960883
0.801611
0.158336
0.579768
0.268639
0.359825
0.884914
0.294408
0.301440
0.873132
0.297118
0.362266
0.994475
0.626871
0.493530
0.206715
0.553231
0.933581
0.877103
0.794851
0.649380
0.937851
0.096960
0.291970
0.932077
0.191011
0.507461
0.560689
0.144594
0.333837
0.297187
0.105477
0.135448
0.455523
0.685245
0.404086
0.815348
0.570158
0.698495
0.116787
0.443290
0.995612
0.479053
0.437766
0.622483
0.972583
0.644480
0.175714
0.906164
0.521583
0.970565
0.555545
0.459434
0.067524
0.847515
0.391512
0.258536
0.354976
0.952201
0.403129
0.688813
0.249388
0.508607
0.824261
0.704911
0.193851
0.228347
0.520259
0.764010
0.926842
0.637047
0.207300
0.922454
0.116100
0.645066
0.544937
0.088683
0.289546
0.720651
0.994847
0.811129
0.691216
0.550392
0.270563
0.758740
0.397907
0.662075
0.017276
0.752883
0.614276
0.420406
0.441696
0.863664
0.929012
0.265957
0.568575
0.122864
0.494304
0.088835
0.886873
0.421145
0.725881
0.094174
0.343600
0.841981
0.739239
0.888537
0.930664
0.028786
0.609188
0.925512
0.839915
0.300404
0.475904
0.110478
0.059144
0.873811
0.772553
0.076421
0.626694
0.386829
0.496826
0.068390
0.250492
0.425838
0.334347
0.819068
0.548702
0.828651
0.907902
0.435575
0.249796
0.633783
0.529749
0.593395
0.475765
0.268988
0.481932
0.406429
0.297774
0.091120
0.331941
0.137689
0.391524
0.807845
0.248167
0.450669
0.681656
0.020720
0.527089
0.308351
0.407549
0.023915
0.376741
0.658041
0.449754
0.711088
0.477109
0.998456
0.539738
0.385011
0.434031
0.789534
0.018794
0.963780
0.382930
0.494559
0.232768
0.864862
0.900988
0.530542
0.955982
0.232929
0.668231
0.347506
0.040774
0.916398
0.798174
0.722431
0.937118
0.325264
0.030781
0.344666
0.349179
0.407522
0.002707
0.798933
0.118610
0.479816
0.797388
0.658348
0.864827
0.231419
0.447883
0.883621
0.195199
0.830812
0.378180
0.427967
0.695674
0.279169
0.958509
0.651656
0.512098
0.626739
0.999162
0.552872
0.543137
0.797336
0.275303
0.480254
0.122600
0.306084
0.824921
0.471779
0.713607
0.827628
0.270712
0.832217
0.307444
0.068100
0.490565
0.172271
0.299519
0.938447
0.055892
0.494718
0.769260
0.434072
0.922685
0.464934
0.713241
0.881194
0.116589
0.225339
0.507933
0.115751
0.778211
0.051070
0.913088
0.053514
0.531324
0.035687
0.359599
0.356245
0.507466
0.073205
0.183873
0.778178
0.905422
0.491318
0.846278
0.395987
0.663589
0.145797
0.334434
0.719481
0.640516
0.103694
0.153553
0.563201
0.568627
0.866794
0.444395
0.685217
0.092133
0.952328
0.800968
0.870344
0.003398
0.714056
0.923859
0.534723
0.749743
0.283458
0.890968
0.257209
0.356663
0.074841
0.035387
0.262085
0.566159
0.881665
0.658072
0.229748
0.027462
0.992506
0.949229
0.667978
0.096200
0.102782
0.231179
0.664827
0.969577
0.675573
0.350044
0.061710
0.627901
0.151012
0.932054
0.631300
0.865068
0.855913
0.166022
0.614811
0.139371
0.056990
0.872020
0.496034
0.131831
0.907407
0.758119
0.697990
0.789072
0.416191
0.927738
0.816534
0.408697
0.876967
0.484511
0.504897
0.979749
0.715690
0.169724
0.949326
0.391263
0.519768
0.011036
0.019165
0.670780
0.943090
0.650464
0.535848
0.799003
0.816486
0.150659
0.938374
0.873476
0.022679
0.434408
0.005307
0.930085
0.192527
0.703297
0.719157
0.608719
0.631035
0.535691
0.017416
0.508001
0.020202
0.522313
0.487750
0.735892
0.692038
0.437076
0.127155
0.211806
0.448112
0.146320
0.882587
0.391202
0.796784
0.418435
0.190205
0.613271
0.569093
0.128578
0.486747
0.591772
0.562986
0.492054
0.521857
0.755514
0.195350
0.241014
0.364232
0.826385
0.776705
0.381649
0.334386
0.796907
0.903962
0.822137
0.532799
0.596000
0.259213
0.659954
0.807806
0.707324
0.806275
0.690393
0.098526
0.603059
0.108827
0.288731
0.216329
0.677920
0.417309
0.703076
0.269692
0.980295
0.195130
0.791549
0.735809
0.390480
0.032564
0.100042
0.216865
0.809269
0.481690
0.551251
0.606176
0.385652
0.373388
0.138975
0.981652
0.632601
0.798929
0.789458
0.339925
0.605204
0.479851
0.438451
0.208263
0.588678
0.727182
0.424592
0.266598
0.144491
0.127668
0.536290
0.124786
0.322798
0.327840
0.860595
0.713278
0.360403
0.960637
0.930143
0.169672
0.442327
0.481394
0.775848
0.827980
0.854782
0.914823
0.809632
0.487383
0.713752
0.599090
0.827308
0.318956
0.078941
0.265759
0.527219
0.667619
0.992940
0.951811
0.934217
0.137431
0.079480
0.470508
0.262217
0.402278
0.798348
0.122812
0.115556
0.158751
0.083449
0.045699
0.328423
0.525776
0.527093
0.104271
0.353756
0.381875
0.019094
0.163388
0.869258
0.732846
0.762478
0.696565
0.051802
0.841419
0.962324
0.579022
0.509038
0.955264
0.530833
0.443256
0.092695
0.610313
0.913763
0.354912
0.012590
0.712111
0.477725
0.128146
0.870862
0.561174
0.173845
0.199285
0.086950
0.700938
0.303556
0.440706
0.082813
0.322650
0.604094
0.952070
0.055496
0.366573
0.648636
0.107299
0.207992
0.610960
0.686320
0.717030
0.566224
0.217153
0.160286
0.658919
0.827466
0.074049
0.013831
0.840056
0.786160
0.491556
0.968202
0.657022
0.052730
0.142047
0.856307
0.139680
0.842984
0.159863
0.580386
0.925797
0.482513
0.184481
0.877867
0.538009
0.551053
0.526503
0.645308
0.759045
0.137462
0.331628
0.476076
0.703686
0.548781
0.636362
0.362605
0.376247
0.710412
0.376436
0.216303
0.496572
0.867992
0.184505
0.153594
0.920722
0.326552
0.009901
0.060402
0.169536
0.169765
0.640788
0.095333
0.652278
0.825269
0.973200
0.190287
0.376322
0.499703
0.835595
0.135368
0.637165
0.167223
0.611444
0.340851
0.716004
0.247806
0.703456
0.092251
0.958217
0.079892
0.308554
0.454789
0.947885
0.493059
0.608383
0.868607
0.819611
0.618285
0.929009
0.989147
0.788049
0.569797
0.084480
0.440327
0.395066
0.057680
0.630614
0.771388
0.557383
0.466209
0.906755
0.194548
0.633432
0.518199
0.535398
0.349436
0.766005
0.238854
0.441687
0.724222
0.318746
0.750241
0.179011
0.266631
0.243300
0.787394
0.135237
0.062910
0.405678
0.064246
0.052058
0.193728
0.634043
0.136538
0.634055
0.029109
0.194218
0.264669
0.800496
0.751601
0.730878
0.707252
0.946149
0.364311
0.225451
0.481547
0.713747
0.991455
0.720401
0.155433
0.715677
0.039148
0.905674
0.894688
0.305778
0.148974
0.682082
0.441016
0.211884
0.087760
0.505262
0.263942
0.281488
0.139305
0.400479
0.915543
0.168413
0.594698
0.180212
0.968910
0.346299
0.911090
0.676161
0.292448
0.275401
0.901612
0.773995
0.989147
0.893067
0.494397
0.144581
0.608744
0.533544
0.050255
0.503432
0.839323
0.199229
0.185513
0.280339
0.411113
0.273273
0.785600
0.675054
0.554761
0.924905
0.075534
0.470303
0.093318
0.670231
0.650515
0.062228
0.016530
0.561606
0.738389
0.308978
0.837006
0.640001
0.082973
0.826154
0.533068
0.577370
0.970735
0.141812
0.110915
0.020990
0.645244
0.950237
0.220218
0.830757
0.230576
0.631331
0.104030
0.016176
0.306385
0.658791
0.941081
0.381919
0.129094
0.034399
0.052150
0.779610
0.096627
0.068680
0.341215
0.835016
0.377658
0.178222
0.475017
0.460632
0.004376
0.008085
0.038002
0.975110
0.149897
0.148917
0.996100
0.795141
0.099154
0.216318
0.625898
0.329730
0.847649
0.729928
0.345906
0.154034
0.388719
0.286988
0.535953
0.517813
0.321387
0.588103
0.297423
0.418014
0.656783
0.638638
0.253031
0.034442
0.816860
0.728048
0.495073
0.821236
0.736133
0.533075
0.796346
0.886030
0.681992
0.792446
0.681171
0.781146
0.008764
0.307069
0.110877
0.856414
0.036997
0.456783
0.010448
0.425716
0.743771
0.546401
0.943530
0.065158
0.134504
0.240953
0.483172
0.791287
0.879591
0.736203
0.825729
0.696451
0.464250
0.320802
0.517687
0.200383
0.853877
0.314033
0.086413
0.535869
0.106479
0.767584
0.317016
0.115244
0.074653
0.427892
0.971657
0.111650
0.884675
0.982105
0.537367
0.628446
0.528506
0.480896
0.693604
0.663010
0.721849
0.176776
0.454297
0.601440
0.912979
0.280025
0.297892
0.377229
0.600827
0.815579
0.577612
0.454704
0.129612
0.664026
0.990574
0.236091
0.431610
0.307590
0.351335
0.506263
0.735482
0.322992
0.617913
0.620157
0.305097
0.155280
0.248603
0.833603
0.636176
0.942207
0.496612
0.358025
0.118983
0.950909
0.959466
0.031962
0.230934
0.257358
0.409192
0.831761
0.072937
0.986804
0.286466
0.202549
0.650830
0.277040
0.438640
0.082439
0.584629
0.789975
0.588702
0.320111
0.112967
0.206616
0.940269
0.418064
0.361896
0.188872
0.251667
0.998072
0.131079
0.748280
0.356097
0.250063
0.699189
0.315563
0.282025
0.930123
0.572921
0.691217
0.761884
0.645857
0.678021
0.048350
0.848406
0.328850
0.325390
0.287046
0.411289
0.910019
0.077021
0.999992
0.230130
0.189989
0.206608
0.170399
0.608053
0.568504
0.359271
0.859720
0.566576
0.490350
0.608000
0.922673
0.740413
0.307189
0.238237
0.022438
0.237312
0.811157
0.713654
0.999196
0.457014
0.391675
0.047546
0.305420
0.720525
0.372936
0.592467
0.131815
0.282955
0.669488
0.131806
0.513085
0.859476
0.338414
0.683484
0.467529
0.906918
0.042755
0.327250
0.473494
0.533105
0.935250
0.396167
0.273517
0.242439
0.634404
0.295955
0.479751
0.445561
0.009610
0.478948
0.902576
0.401285
0.526494
0.207996
0.121810
0.899430
0.800462
0.253624
0.182385
0.469950
0.385431
0.695470
0.329427
0.723845
0.378954
0.796956
0.630763
0.421709
0.124206
0.104257
0.954813
0.059455
0.500424
0.228331
0.301895
0.134828
0.524286
0.781646
0.580389
0.533896
0.260593
0.482965
0.935180
0.787087
0.690961
0.056990
0.686518
0.491423
0.310614
0.868903
0.961374
0.696045
0.564373
0.290800
0.419890
0.943327
0.087756
0.050653
0.365036
0.211962
0.154910
0.319849
0.271417
0.655334
0.548180
0.573312
0.790162
0.072466
0.354957
0.370552
0.606362
0.615551
0.853517
0.541542
0.402638
0.544478
0.598532
0.089156
0.035901
0.909146
0.958058
0.997275
0.605191
0.522431
0.288075
0.025081
0.465758
0.375831
0.075733
0.830794
0.587793
0.230643
0.150643
0.859210
0.885977
0.698823
0.432522
0.676139
0.771289
0.787479
0.046691
0.377651
0.403030
0.900208
0.919193
0.805668
0.444685
0.517725
0.894824
0.480586
0.426871
0.852882
0.477861
0.032063
0.375314
0.765936
0.057143
0.841072
0.141768
0.132877
0.671866
0.729561
0.363520
0.822510
0.588771
0.249497
0.521333
0.021293
0.925636
0.292622
0.808772
0.972327
0.670273
0.211802
0.872535
0.589467
0.017470
0.317220
0.107192
0.912294
0.797806
0.534063
0.765176
0.275668
0.566126
0.140490
0.041604
0.623269
0.981562
0.183372
0.756146
0.653429
0.912932
0.119666
0.475939
0.501703
0.369163
0.997272
0.522996
0.294799
0.289894
0.331768
0.267126
0.960167
0.543570
0.139660
0.549634
0.561040
0.456880
0.656826
0.473334
0.254687
0.190889
0.238511
0.530354
0.757014
0.379001
0.571959
0.380283
0.360563
0.755330
0.136429
0.013992
0.668263
0.256095
0.489931
0.169966
0.625258
0.487202
0.692962
0.920056
0.777096
0.024730
0.187182
0.737264
0.568300
0.326842
0.286898
0.129340
0.783723
0.943723
0.602674
0.038410
0.134612
0.841184
0.568764
0.891627
0.220185
0.140723
0.271910
0.580748
0.896053
0.408339
0.594740
0.564316
0.664434
0.084671
0.734282
0.289692
0.571873
0.427244
0.209749
0.348969
0.451974
0.396931
0.086233
0.020273
0.723773
0.373131
0.149613
0.507496
0.316854
0.752286
0.545905
0.451466
0.593471
0.114669
0.343093
0.813655
0.255392
0.615003
0.394404
0.151445
0.023343
0.989144
0.715761
0.687777
0.073815
0.450042
0.977469
0.645688
0.877286
0.187218
0.994657
0.329260
0.584148
0.080890
0.349533
0.307921
0.454021
0.499146
0.815417
0.770875
0.251432
0.361323
0.222341
0.844902
0.475992
0.565434
0.658558
0.731384
0.180437
0.052962
0.882829
0.203780
0.042106
0.598590
0.891557
0.115921
0.048632
0.869026
0.761609
0.925918
0.056243
0.756266
0.255178
0.640392
0.837156
0.604711
0.948313
0.291176
0.103857
0.763730
0.062051
0.355289
0.125053
0.284392
0.200191
0.601046
0.849826
0.858749
0.332430
0.030263
0.911711
0.215259
0.234042
0.953816
0.813849
0.125599
0.069737
0.862481
0.994624
0.831346
0.788399
0.050868
0.587612
0.043577
0.691259
0.424767
0.648288
0.639572
0.715944
0.752145
0.403303
0.777995
0.107434
0.528356
0.062387
0.307625
0.129401
0.912213
0.166374
0.461831
0.942475
0.078084
0.677090
0.176518
0.031901
0.490939
0.302117
0.101638
0.353420
0.296741
0.932984
0.141819
0.347609
0.520595
0.185396
0.038868
0.945363
0.833685
0.678440
0.661306
0.585830
0.081743
0.439301
0.693263
0.610099
0.501688
0.000888
0.739500
0.413901
0.167262
0.201331
0.356377
0.245346
0.878422
0.532894
0.277247
0.369361
0.835011
0.378885
0.722781
0.131752
0.311868
0.864600
0.479361
0.832463
0.049996
0.518229
0.777826
0.883681
0.196669
0.439132
0.469511
0.278412
0.878434
0.162774
0.888510
0.380122
0.163662
0.628010
0.794023
0.330924
0.829342
0.150400
0.576270
0.707763
0.683294
0.853517
0.077124
0.518305
0.232401
0.799905
0.650057
0.544270
0.664504
0.129418
0.376733
0.714501
0.647647
0.154559
0.598182
0.844316
0.593692
0.067692
0.122728
0.472125
0.230467
0.011238
0.852248
0.394129
0.639248
0.646271
0.725053
0.468590
0.796671
0.301323
0.176353
0.479965
0.154839
0.253477
0.998270
0.387241
0.053382
0.648327
0.931510
0.717886
0.777746
0.308244
0.432387
0.425392
0.462803
0.030569
0.269708
0.056494
0.098261
0.392436
0.528620
0.328728
0.403674
0.380867
0.722857
0.042922
0.027138
0.447909
0.511512
0.823809
0.749232
0.687865
0.303774
0.904071
0.941342
0.302044
0.291312
0.994724
0.950371
0.222822
0.712610
0.728117
0.531066
0.144997
0.153509
0.993869
0.175566
0.423218
0.050363
0.273827
0.815654
0.578983
0.602555
0.219327
0.959851
0.325412
0.262249
0.986989
0.773321
0.773761
0.810798
0.522553
0.461626
0.114572
0.426624
0.402968
0.416616
0.717936
0.397692
0.366987
0.940758
0.110303
0.095104
0.471824
0.255300
0.248613
0.465693
0.430866
0.671831
0.516057
0.704693
0.487484
0.095040
0.307248
0.706812
0.054891
0.632660
0.969061
0.041880
0.405981
0.742822
0.852677
0.928534
0.204448
0.967249
0.355158
0.607416
0.383865
0.073094
0.005108
0.750852
0.013852
0.115411
0.845956
0.485677
0.370711
0.094569
0.951370
0.801577
0.766400
0.467426
0.506270
0.253884
0.562466
0.813518
0.960696
0.617357
0.446178
0.929757
0.659236
0.852159
0.672579
0.511914
0.780693
0.877027
0.479163
0.135851
0.484443
0.863028
0.208945
0.489551
0.613880
0.222798
0.604962
0.459836
0.708474
0.975672
0.554405
0.659844
0.777249
0.320805
0.127271
0.283519
0.574689
0.689737
0.097037
0.535385
0.307094
0.543216
0.465142
0.966330
0.395375
0.137721
0.478244
0.176068
0.014749
0.957407
0.311920
0.499192
0.820436
0.520865
0.988743
0.434316
0.743663
0.593705
0.894152
0.452137
0.569377
0.448557
0.111981
0.346626
0.769362
0.239252
0.630145
0.344051
0.928989
0.727182
0.879435
0.236082
0.270398
0.344577
0.202413
0.665773
0.482299
0.680657
0.841841
0.497047
0.638064
0.153761
0.996239
0.458500
0.674626
0.984982
0.892816
0.418289
0.578687
0.786968
0.870427
0.148064
0.235525
0.982408
0.494690
0.004887
0.221659
0.124835
0.348937
0.150648
0.852017
0.228372
0.386731
0.122415
0.572950
0.589143
0.788188
0.055249
0.269800
0.630029
0.552296
0.907865
0.783790
0.548535
0.366364
0.458416
0.533517
0.259180
0.876706
0.112204
0.046148
0.747132
0.260268
0.281673
0.729540
0.754958
0.286559
0.951199
0.879793
0.635496
0.101847
0.731811
0.863869
0.488578
0.854225
0.436819
0.077721
0.642413
0.492068
0.347522
0.272442
0.044364
0.255386
0.056232
0.592899
0.621751
0.514648
0.126416
0.880931
0.391354
0.238620
0.927079
0.138486
0.498888
0.208752
0.868026
0.253847
0.495311
0.819225
0.133640
0.130808
0.921073
0.865451
0.994677
0.409651
0.719676
0.431496
0.487372
0.362089
0.923563
0.834894
0.634531
0.967927
0.090280
0.690763
0.560826
0.712031
0.205411
0.687242
0.592961
0.596765
0.925862
0.520040
0.735250
0.424750
0.728792
0.603276
0.678597
0.224104
0.422502
0.812237
0.354912
0.343574
0.677688
0.349589
0.753225
0.397365
0.781084
0.240597
0.759454
0.704648
0.075491
0.393985
0.672575
0.165771
0.084748
0.233400
0.877802
0.290159
0.920642
0.470763
0.886924
0.846504
0.990803
0.622174
0.271254
0.719596
0.225450
0.949851
0.943700
0.647952
0.762088
0.298612
0.991526
0.439776
0.648200
0.744751
0.837141
0.429285
0.985348
0.596595
0.133932
0.060839
0.990580
0.806507
0.226610
0.075328
0.039907
0.104412
0.365487
0.960549
0.575175
0.252411
0.807053
0.565979
0.874585
0.078307
0.285575
0.100035
0.028157
0.229274
0.747987
0.790245
0.527886
0.739513
0.230021
0.176086
0.484264
0.067162
0.605370
0.469612
0.663757
0.739303
0.530452
0.654337
0.545810
0.757062
0.729665
0.585717
0.861474
0.095152
0.546266
0.436649
0.347563
0.353319
0.002628
0.222148
0.431626
0.288203
0.322183
0.459783
0.517477
0.070170
0.250028
0.045363
0.809683
0.480050
0.221449
0.293947
0.547211
0.826819
0.763560
0.210968
0.566122
0.294011
0.865305
0.111932
0.051074
0.594970
0.697649
0.912548
0.690122
0.243915
0.349197
0.037685
0.597235
0.351825
0.259833
0.028861
0.640028
0.582016
0.488644
0.157505
0.652186
0.738672
0.202867
0.461869
0.218722
0.424316
0.755817
0.765933
0.251135
0.519376
0.976901
0.817257
0.813387
0.842206
0.929188
0.864461
0.437176
0.626837
0.777009
0.127298
0.870752
0.126206
0.164983
0.467987
0.478032
0.424816
0.496848
0.118060
0.006833
0.985492
0.275564
0.659019
0.724164
0.478432
0.120888
0.942885
0.902747
0.876705
0.708818
0.153882
0.396081
0.685720
0.971139
0.209469
0.527926
0.900327
0.073930
0.965101
0.527164
0.850939
0.092399
0.397917
0.977145
0.257383
0.865904
0.455177
0.682199
0.362752
0.573237
0.689032
0.348243
0.848801
0.348051
0.072407
0.327233
0.468939
0.015292
0.229980
0.345644
0.724111
0.383863
0.741725
0.409830
0.355001
0.951194
0.937756
0.255328
0.025123
0.902857
0.782493
0.876062
0.995257
0.180409
0.853207
0.252639
0.046313
0.308384
0.934838
0.409065
0.881621
0.623870
0.757308
0.730422
0.971921
0.829715
0.057655
0.440860
0.845007
0.287635
0.786504
0.569118
0.671498
0.528229
0.978948
0.026499
0.479423
0.916704
0.281828
0.504546
0.819561
0.064320
0.380608
0.814818
0.244729
0.233815
0.067457
0.291042
0.542199
0.002296
0.700107
0.423820
0.626166
0.457415
0.154242
0.598087
0.287130
0.211897
0.038947
0.132137
0.499533
0.825451
0.701255
0.171031
0.353680
0.680203
0.197530
0.833103
0.596907
0.479357
0.337649
0.416468
0.543677
0.718257
0.231286
0.788406
0.952072
0.298743
0.079449
0.494271
0.301039
0.779555
0.918091
0.927204
0.236970
0.072334
0.525291
0.524100
0.284231
0.564238
0.656237
0.783764
0.389689
0.357492
0.954794
0.743369
0.037695
0.152324
0.576472
0.634601
0.631682
0.914121
0.051069
0.175359
0.632377
0.282355
0.963765
0.584449
0.581098
0.043214
0.078720
0.882136
0.822769
0.996812
0.809340
0.059740
0.069145
0.334632
0.583839
0.353377
0.898870
0.240076
0.137140
0.288559
0.597568
0.091935
0.031928
0.635262
0.244259
0.608400
0.269864
0.875941
0.522521
0.320933
0.051299
0.154898
0.603287
0.015065
0.739347
0.184385
0.058279
0.818068
0.066521
0.881048
0.814880
0.875861
0.940787
0.884025
0.210493
0.524627
0.237402
0.109363
0.764703
0.374542
0.397922
0.362271
0.466477
0.429850
0.997533
0.710736
0.038249
0.267396
0.586677
0.560770
0.588329
0.637976
0.715668
0.191616
0.653041
0.455015
0.376001
0.711319
0.273083
0.442522
0.592367
0.087963
0.318384
0.533154
0.971988
0.528877
0.057781
0.209389
0.638239
0.822484
0.583931
0.036161
0.184755
0.050408
0.466011
0.182288
0.761144
0.504260
0.449684
0.347820
0.065030
0.038013
0.985796
0.780698
0.229630
0.638837
0.235714
0.605631
0.350156
0.508797
0.048153
0.942523
0.596760
0.366536
0.475677
0.568748
0.895413
0.533458
0.778137
0.533652
0.355942
0.362068
0.569814
0.540697
0.412476
0.035824
0.722984
0.173620
0.540085
0.172668
0.521440
0.605115
0.210681
0.507237
0.385813
0.440311
0.146074
0.621527
0.045942
0.496230
0.130324
0.094095
0.438753
0.727084
0.460631
0.914430
0.295831
0.356044
0.447889
0.073968
0.889697
0.803831
0.436036
0.459510
0.344528
0.848512
0.495335
0.067512
0.022132
0.035419
0.240181
0.543572
0.640534
0.450862
0.050809
0.026347
0.891173
0.196882
0.647874
0.937115
0.693112
0.778198
0.031210
0.131865
0.505282
0.491841
0.046295
0.801113
0.847885
0.494183
0.875081
0.737582
0.298014
0.311117
0.197092
0.642542
0.159630
0.692427
0.710054
0.181762
0.727846
0.950235
0.725334
0.368380
0.401097
0.776143
0.394727
0.292270
0.973025
0.042601
0.229385
0.666137
0.820798
0.260595
0.798002
0.326080
0.752436
0.844297
0.127193
0.600321
0.338480
0.002274
0.337903
0.636494
0.313392
0.534996
0.279037
0.473021
0.227422
0.989091
0.654783
0.955268
0.939326
0.380117
0.323648
0.340424
0.156260
0.718375
0.632694
0.129285
0.760976
0.862079
0.795422
0.581774
0.122674
0.593424
0.907854
0.875110
0.437721
0.035047
0.475432
0.776201
0.037321
0.813335
0.412695
0.350713
0.348331
0.691732
0.823735
0.575753
0.680823
0.478518
0.531021
0.620149
0.858635
0.854670
0.960573
0.014895
0.573044
0.593267
0.144180
0.334020
0.455346
0.939602
0.915794
0.578020
0.533026
0.823648
0.453131
0.970747
0.858695
0.928563
0.746948
0.896017
0.741898
0.159643
0.246730
0.090228
0.851375
0.070465
0.665981
0.532198
0.548983
0.197002
0.152347
0.407618
0.051672
0.112919
0.422513
0.624716
0.706186
0.566693
0.958736
0.161532
0.506295
0.874531
0.739552
0.039321
0.698179
0.192683
0.010067
0.556874
0.121245
0.757015
0.452891
0.863143
0.916658
0.699621
0.953371
0.768032
0.770086
0.619352
0.300230
0.319069
0.816354
0.452576
0.726687
0.868026
0.565495
0.149200
0.492743
0.271681
0.715892
0.451479
0.433213
0.222187
0.326009
0.172765
0.261507
0.024188
0.365447
0.271575
0.581062
0.486693
0.028590
0.033953
0.349836
0.945247
0.733575
0.303207
0.713279
0.503661
0.922559
0.013509
0.822730
0.738913
0.466086
0.549417
0.606940
0.031581
0.698617
0.099682
0.303262
0.414509
0.551161
0.736475
0.636696
0.877170
0.909239
0.898204
0.901359
0.274687
0.169778
0.482421
0.761379
0.198368
0.516374
0.111215
0.143615
0.249949
0.414422
0.856894
0.753610
0.336981
0.870404
0.576340
0.075894
0.336489
0.125757
0.682833
0.368070
0.824374
0.782515
0.671332
0.238884
0.333676
0.407807
0.875580
0.210847
0.317046
0.773784
0.112205
0.591733
0.943562
0.594626
0.353112
0.141930
0.111001
0.464327
0.285545
0.360950
0.878749
0.142440
0.114560
0.215730
0.012843
0.690901
0.291624
0.349333
0.816658
0.974457
0.717403
0.641032
0.756973
0.388735
0.879916
0.090649
0.796542
0.755496
0.301496
0.113589
0.529279
0.413701
0.705322
0.472841
0.008328
0.058434
0.614771
0.119329
0.522762
0.900316
0.480279
0.401511
0.042756
0.594839
0.617241
0.055599
0.285740
0.908864
0.404932
0.102398
0.883321
0.122334
0.743430
0.640294
0.511070
0.623346
0.730943
0.307612
0.378841
0.032439
0.421201
0.908121
0.446140
0.126522
0.380962
0.454468
0.184956
0.995733
0.573797
0.707718
0.896049
0.054076
0.109229
0.938805
0.648915
0.726469
0.994405
0.934655
0.635334
0.399336
0.037052
0.518655
0.521671
0.780482
0.158949
0.032740
0.403828
0.889892
0.340352
0.782670
0.922331
0.761553
0.690790
0.368472
0.888075
0.071752
0.822940
0.073031
0.067485
0.396737
0.780749
0.963535
0.450812
0.889978
0.902340
0.099727
0.616447
0.896745
0.034382
0.251781
0.296081
0.071435
0.770436
0.817752
0.851917
0.929385
0.850492
0.255745
0.819278
0.190845
0.038415
0.741609
0.952397
0.729205
0.110081
0.840472
0.800957
0.933020
0.913504
0.868442
0.329757
0.694253
0.831976
0.780569
0.584231
0.734316
0.880297
0.200679
0.631061
0.914679
0.452460
0.927142
0.986114
0.222896
0.744894
0.838031
0.152281
0.595386
0.093776
0.971559
0.786231
0.132190
0.713168
0.738628
0.861395
0.823248
0.579100
0.662352
0.756269
0.492604
0.530794
0.086025
0.186857
0.362770
0.866595
0.771089
0.097087
0.746892
0.971767
0.728148
0.661570
0.424227
0.655290
0.647684
0.647122
0.400184
0.485715
0.799403
0.995570
0.579490
0.770962
0.781801
0.711681
0.484130
0.520429
0.573076
0.307378
0.099530
0.235428
0.063647
0.592134
0.766222
0.149672
0.778991
0.128992
0.016267
0.550080
0.226079
0.763158
0.521847
0.954227
0.424729
0.946074
0.609517
0.072413
0.593196
0.009702
0.558127
0.392600
0.005272
0.137618
0.163562
0.787073
0.849298
0.647691
0.307502
0.422375
0.955069
0.407031
0.657803
0.018716
0.999165
0.424025
0.168388
0.778157
0.553017
0.184655
0.328237
0.779096
0.947813
0.850084
0.733324
0.372542
0.796158
0.342841
0.444954
0.389354
0.352543
0.003082
0.781954
0.357815
0.140699
0.945515
0.144887
0.989998
0.593207
0.452389
0.412372
0.548276
0.859420
0.070175
0.566992
0.858586
0.494200
0.735380
0.636742
0.047217
0.920034
0.964979
0.826313
0.867847
0.815063
0.559637
0.240389
0.611220
0.902478
0.685343
0.000574
0.255021
0.688425
0.782528
0.612836
0.829125
0.728044
0.757723
0.819122
0.321250
0.210112
0.231495
0.869527
0.069533
0.301670
0.436519
0.928118
0.795870
0.171898
0.564861
0.843087
0.091933
0.529839
0.669400
0.959780
0.344902
0.229037
0.200169
0.956122
0.131516
0.885512
0.956697
0.386537
0.573938
0.739225
0.999373
0.403062
0.467268
0.757096
0.222185
0.788519
0.967208
0.453679
0.658045
0.036741
0.755349
0.094564
0.964859
0.551219
0.266462
0.529720
0.394306
0.358395
0.059559
0.063706
0.318175
0.404461
0.292743
0.518344
0.360583
0.424259
0.403857
0.317280
0.810796
0.977794
0.056505
0.810169
0.380856
0.523773
0.567265
0.603041
0.312292
0.534473
0.056720
0.970337
0.571214
0.812070
0.064901
0.536074
0.363289
0.331363
0.065794
0.757595
0.689758
0.125353
0.821301
0.007933
0.529814
0.114045
0.526277
0.890397
0.538304
0.930134
0.207677
0.349100
0.907929
0.264182
0.159269
0.288785
0.787955
0.726534
0.891826
0.100247
0.261008
0.948546
0.070584
0.832222
0.760616
0.135485
0.368296
0.123906
0.466848
0.434090
0.881501
0.156606
0.559442
0.702802
0.164539
0.089256
0.816847
0.690816
0.979654
0.355151
0.620950
0.187331
0.704252
0.528879
0.451513
0.863521
0.817664
0.239468
0.590055
0.709490
0.339715
0.851063
0.658036
0.410299
0.683285
0.418653
0.545784
0.051581
0.542558
0.012632
0.485671
0.424059
0.169237
0.045113
0.126861
0.333776
0.134369
0.943709
0.024592
0.114023
0.298860
0.645542
0.301354
0.003111
0.174421
0.752867
0.866632
0.992085
0.992336
0.456687
0.701575
0.332051
0.307750
0.359611
0.742350
0.991036
0.778263
0.288134
0.042617
0.320821
0.300766
0.528287
0.744880
0.470003
0.573400
0.871742
0.803779
0.707769
0.815450
0.828371
0.821792
0.114310
0.473913
0.123146
0.117422
0.648334
0.876014
0.984054
0.640419
0.868349
0.440741
0.341994
0.200400
0.748492
0.701604
0.942750
0.739527
0.479867
0.230885
0.782144
0.800689
0.531650
0.310431
0.545569
0.001654
0.883831
0.417311
0.805433
0.591600
0.232761
0.633804
0.413393
0.347072
0.107717
0.536539
0.464493
0.756052
0.412553
0.448547
0.396471
0.280902
0.889288
0.738464
0.481302
0.637780
0.440068
0.424052
0.377308
0.919936
0.654937
0.159452
0.720625
0.186587
0.469883
0.266194
0.188241
0.353714
0.683505
0.993674
0.945314
0.916266
0.627478
0.358707
0.263338
0.735195
0.895246
0.727831
0.491247
0.307799
0.176378
0.887717
0.588701
0.065667
0.626182
0.070003
0.703447
0.066250
0.494056
0.080755
0.986185
0.148992
0.240206
0.706810
0.335580
0.710089
0.973004
0.523821
0.063803
0.656509
0.517495
0.009117
0.572775
0.144973
0.367824
0.836113
0.880168
0.263070
0.563944
0.371415
0.570869
0.740322
0.259133
0.159570
0.805989
0.885314
0.229573
0.509436
0.951564
0.723628
0.590190
0.937749
0.872621
0.830397
0.644559
0.208200
0.540485
0.617563
0.732021
0.604288
0.274072
0.249516
0.613405
0.846846
0.394489
0.981228
0.682959
0.274658
0.244298
0.246903
0.646073
0.815166
0.987225
0.905205
0.974736
0.793213
0.790520
0.204309
0.302649
0.742083
0.927937
0.892839
0.679833
0.800558
0.723236
0.324392
0.008758
0.263721
0.941956
0.740780
0.868010
0.216027
0.990296
0.481414
0.062874
0.384785
0.462643
0.745833
0.659443
0.706940
0.992735
0.305516
0.522107
0.979960
0.210721
0.496843
0.773173
0.001241
0.701152
0.075822
0.743324
0.629089
0.968662
0.423157
0.429646
0.691898
0.747549
0.438405
0.955619
0.689505
0.179184
0.823629
0.905532
0.169480
0.305043
0.968406
0.554266
0.767685
0.714238
0.213709
0.474626
0.706974
0.519224
0.996732
0.686934
0.729945
0.493575
0.460107
0.731186
0.194727
0.535929
0.474510
0.823816
0.504591
0.897667
0.253462
0.196488
0.645216
0.691867
0.152107
0.334721
0.871051
0.975736
0.240253
0.040531
0.280779
0.208659
0.594797
0.048464
0.922898
0.808506
0.523089
0.629871
0.327730
0.519822
0.316805
0.057675
0.013397
0.776912
0.788861
0.208124
0.312841
0.263371
0.031940
0.817432
0.161038
0.285402
0.013920
0.806254
0.977268
0.166027
0.140975
0.848319
0.141763
0.381228
0.888851
0.422542
0.589888
0.483648
0.471005
0.512785
0.292154
0.994095
0.142657
0.619884
0.513917
0.459462
0.677559
0.527314
0.236374
0.466419
0.735438
0.549215
0.729790
0.767377
0.366646
0.890828
0.052779
0.380567
0.697082
0.030047
0.546594
0.838057
0.878366
0.688357
0.219286
0.767217
0.110898
0.809173
0.250865
0.581904
0.321958
0.543019
0.575998
0.464615
0.162902
0.089915
0.924077
0.840461
0.617229
0.160450
0.306880
0.352666
0.709665
0.036670
0.120043
0.076312
0.927498
0.172822
0.456878
0.624580
0.202869
0.003472
0.462637
0.081235
0.691829
0.681923
0.848452
0.802727
0.491096
0.099317
0.384631
0.813055
0.642336
0.960629
0.277670
0.805238
0.050544
0.201746
0.645699
0.667772
0.362197
0.952579
0.020438
0.071862
0.989250
0.140482
0.148174
0.916748
0.313304
0.605052
0.541328
0.516173
0.608524
0.003966
0.597409
0.300352
0.685889
0.445861
0.103079
0.176985
0.545178
0.487710
0.990040
0.187514
0.448339
0.267709
0.992753
0.498882
0.469456
0.638452
0.166654
0.831653
0.591031
0.187093
0.903515
0.580280
0.327575
0.051688
0.497029
0.640879
0.656740
0.038357
0.157052
0.265264
0.042323
0.754460
0.565616
0.728212
0.200321
0.668695
0.905197
0.745500
0.156405
0.895236
0.933014
0.604744
0.162946
0.925767
0.103626
0.632402
0.564218
0.270280
0.464054
0.155249
0.457373
0.367569
0.735530
0.784948
0.419257
0.232558
0.425826
0.075997
0.270915
0.582878
0.341261
0.313238
0.337339
0.906877
0.041450
0.537660
0.575572
0.946646
0.283160
0.731977
0.841883
0.216174
0.336720
0.004829
0.141941
0.440346
0.637230
0.706159
0.710626
0.101284
0.861408
0.167999
0.468853
0.596937
0.952947
0.888110
0.829496
0.378773
0.964108
0.100411
0.961652
0.305368
0.413649
0.298990
0.212245
0.455098
0.836650
0.787817
0.401745
0.119810
0.519794
0.243628
0.335984
0.856514
0.248456
0.477925
0.296861
0.885687
0.184084
0.007487
0.986971
0.045491
0.175486
0.455824
0.642429
0.128433
0.343935
0.471924
0.507207
0.308042
0.572335
0.468858
0.613411
0.985984
0.767849
0.825656
0.441082
0.604499
0.613473
0.842827
0.724309
0.133267
0.086455
0.060293
0.989781
0.334911
0.538218
0.286642
0.220598
0.722302
0.294129
0.207569
0.767793
0.469615
0.663393
0.410222
0.598049
0.007328
0.882146
0.105256
0.315370
0.454482
0.574114
0.928781
0.440465
0.341962
0.754437
0.881548
0.946461
0.367910
0.724375
0.670771
0.501176
0.810830
0.731064
0.490957
0.145741
0.269282
0.777599
0.366339
0.991583
0.071728
0.573908
0.759377
0.541344
0.237302
0.169599
0.139392
0.244630
0.051745
0.244648
0.560000
0.506226
0.818762
0.488781
0.946692
0.160724
0.243218
0.828240
0.107185
0.611128
0.552615
0.777956
0.112304
0.363444
0.509020
0.603262
0.509186
0.778302
0.380861
0.875525
0.769885
0.452589
0.449434
0.529262
0.993933
0.686735
0.698860
0.133325
0.931365
0.750605
0.377973
0.491366
0.256832
0.196735
0.980147
0.203523
0.357459
0.223365
0.031763
0.464644
0.834493
0.584378
0.242600
0.946797
0.947822
0.751620
0.550059
0.457008
0.529922
0.930920
0.332533
0.299807
0.383509
0.781967
0.829068
0.377442
0.468702
0.527929
0.510767
0.400067
0.278534
0.888740
0.891433
0.535365
0.085475
0.871580
0.738889
0.442934
0.094945
0.770652
0.907578
0.929439
0.355029
0.150178
0.876236
0.302851
0.901798
0.426295
0.759859
0.431720
0.357215
0.092392
0.731527
0.740724
0.874359
0.560595
0.118166
0.343061
0.088524
0.628933
0.743128
0.367058
0.517673
0.634561
0.902423
0.603148
0.506142
0.641312
0.046081
0.601087
0.411963
0.953659
0.530526
0.766993
0.103837
0.406762
0.069844
0.005636
0.833057
0.829703
0.437356
0.190272
0.922096
0.168883
0.930996
0.796455
0.729478
0.049162
0.139516
0.818002
0.678095
0.882644
0.185060
0.195768
0.517206
0.087483
0.798916
0.023347
0.728794
0.844997
0.624434
0.140758
0.798656
0.154960
0.907751
0.902494
0.561721
0.977595
0.908130
0.394778
0.807298
0.345485
0.585049
0.729393
0.514368
0.516045
0.525848
0.243846
0.565207
0.665364
0.061848
0.243302
0.548008
0.246908
0.439070
0.065213
0.334391
0.237986
0.088560
0.063185
0.082983
0.712994
0.203943
0.881639
0.867954
0.111694
0.784133
0.429675
0.089288
0.692262
0.824453
0.896586
0.037748
0.409502
0.625980
0.552116
0.925547
0.151828
0.795962
0.490754
0.817191
0.857810
0.734057
0.365199
0.104718
0.173127
0.430412
0.439109
0.411113
0.518973
0.502295
0.494095
0.231967
0.706238
0.375735
0.099921
0.817932
0.159868
0.529596
0.907220
0.852130
0.354049
0.803806
0.889878
0.763551
0.429786
0.441994
0.689098
0.581614
0.237956
0.179852
0.398805
0.095766
0.913909
0.764004
0.200484
0.087036
0.194417
0.639594
0.498148
0.713390
0.141889
0.992244
0.945357
0.848127
0.367979
0.045278
0.666058
0.527846
0.574874
0.573279
0.379976
0.928923
0.377085
0.269854
0.692473
0.806871
0.711848
0.381571
0.388485
0.949804
0.561424
0.787290
0.045569
0.475333
0.551295
0.246054
0.562369
0.745712
0.885648
0.060517
0.459101
0.027536
0.052761
0.404458
0.875663
0.420740
0.449736
0.541721
0.948586
0.024610
0.115000
0.328562
0.953532
0.492085
0.598417
0.646006
0.298956
0.310264
0.027577
0.687442
0.260068
0.589000
0.474732
0.305638
0.064333
0.026027
0.551691
0.626702
0.771739
0.437339
0.687219
0.230840
0.464875
0.739980
0.635298
0.340538
0.160720
0.085034
0.882259
0.109306
0.109644
0.997259
0.437868
0.063177
0.489344
0.036285
0.709182
0.788301
0.346549
0.736759
0.475742
0.606617
0.325759
0.950474
0.912255
0.390092
0.976501
0.463946
0.016794
0.748240
0.901285
0.704013
0.979080
0.366161
0.443993
0.614379
0.706699
0.604713
0.699413
0.588958
0.714019
0.809057
0.586218
0.151888
0.872234
0.075562
0.188172
0.581416
0.863863
0.534722
0.318175
0.339605
0.141339
0.643934
0.290080
0.053594
0.034026
0.266581
0.517541
0.050820
0.014821
0.418826
0.754833
0.993901
0.784987
0.198827
0.608280
0.491686
0.803540
0.307693
0.080644
0.517559
0.116750
0.666861
0.669447
0.988984
0.742423
0.857619
0.570400
0.606286
0.392341
0.888574
0.945891
0.533681
0.532508
0.235971
0.587275
0.566534
0.502552
0.104816
0.617354
0.517373
0.523642
0.372188
0.511274
0.308629
0.571014
0.119554
0.800315
0.374554
0.427247
0.880959
0.892114
0.543997
0.547820
0.561560
0.532981
0.290244
0.419180
0.103380
0.896530
0.811521
0.991954
0.842421
0.345201
0.524462
0.078392
0.932476
0.090996
0.580944
0.037292
0.708350
0.098317
0.560934
0.080537
0.609591
0.869563
0.651552
0.729145
0.669878
0.026106
0.156392
0.550837
0.918220
0.700389
0.098657
0.479780
0.233369
0.388901
0.898960
0.336749
0.285431
0.710481
0.328703
0.127852
0.055682
0.853165
0.206245
0.988158
0.944161
0.787189
0.025450
0.652511
0.885506
0.586384
0.733048
0.495097
0.455948
0.384599
0.224242
0.125826
0.410705
0.380634
0.676662
0.328925
0.081022
0.775319
0.808705
0.314391
0.164220
0.707665
0.651140
0.449651
0.418145
0.979844
0.577503
0.473827
0.833009
0.783748
0.461985
0.777170
0.570937
0.487435
0.429680
0.456443
0.073820
0.162728
0.951540
0.529767
0.547327
0.175782
0.655593
0.958033
0.556416
0.332255
0.286957
0.637438
0.107575
0.095662
0.951829
0.271795
0.803327
0.602970
0.721446
0.221472
0.582813
0.298949
0.695299
0.415822
0.082697
0.157284
0.192992
0.653634
0.644720
0.622672
0.110077
0.718540
0.785400
0.061617
0.248307
0.332728
0.237398
0.903900
0.290760
0.793814
0.236155
0.577718
0.431252
0.343730
0.673380
0.383081
0.615525
0.476707
0.986051
0.336970
0.698179
0.568864
0.635919
0.393478
0.984687
0.718616
0.550763
0.177679
0.372250
0.195482
0.800351
0.482327
0.914022
0.585751
0.543943
0.162329
0.918479
0.781342
0.066229
0.209239
0.575156
0.302384
0.786957
0.006408
0.646114
0.460337
0.389489
0.261638
0.937044
0.375540
0.598608
0.635224
0.944404
0.234528
0.028702
0.929091
0.953144
0.579464
0.106769
0.325394
0.774947
0.907120
0.807721
0.688969
0.492872
0.351664
0.851298
0.411351
0.133005
0.917526
0.620590
0.708161
0.219910
0.407547
0.714569
0.866024
0.867885
0.104058
0.127662
0.804929
0.479597
0.726270
0.440153
0.424001
0.960798
0.468855
0.353092
0.913942
0.048319
0.459861
0.239336
0.823266
0.366982
0.047056
0.512235
0.859853
0.398720
0.363532
0.271204
0.531726
0.281059
0.891795
0.239887
0.500969
0.299342
0.954456
0.366993
0.167227
0.058514
0.494654
0.972156
0.538111
0.220925
0.412309
0.962113
0.181723
0.881163
0.315205
0.095665
0.929483
0.775066
0.335000
0.752748
0.142047
0.382057
0.264983
0.001901
0.780777
0.628515
0.273105
0.312503
0.909574
0.164900
0.552390
0.410543
0.464242
0.506846
0.777535
0.631469
0.565360
0.272190
0.603625
0.103471
0.493115
0.015933
0.065584
0.674837
0.897097
0.380788
0.770502
0.826579
0.155854
0.105503
0.579328
0.297902
0.487560
0.844311
0.299803
0.268337
0.472826
0.572908
0.580840
0.382400
0.737807
0.133229
0.792943
0.202049
0.640075
0.570478
0.833517
0.205435
0.842668
0.437142
0.308906
0.335783
0.453075
0.374490
0.010620
0.350172
0.755278
0.781122
0.176752
0.911133
0.886625
0.756079
0.209034
0.374184
0.600390
0.508837
0.642521
0.073216
0.081744
0.223361
0.455616
0.819552
0.356590
0.248559
0.021600
0.996665
0.819037
0.855118
0.202100
0.661705
0.292260
0.511007
0.997488
0.745335
0.885496
0.008108
0.095507
0.640775
0.789230
0.272259
0.551907
0.675855
0.028338
0.760942
0.050039
0.628729
0.269778
0.692560
0.701945
0.351523
0.915921
0.157561
0.171074
0.272511
0.406121
0.192675
0.269176
0.225158
0.047793
0.471277
0.886863
0.340052
0.982283
0.884351
0.085388
0.867780
0.892459
0.180895
0.508554
0.681689
0.453154
0.060462
0.357544
0.481492
0.821403
0.407583
0.110221
0.091182
0.100144
0.812166
0.442704
0.016064
0.969728
0.613779
0.288575
0.375848
0.806454
0.557751
0.601006
0.854246
0.029028
0.487869
0.194299
0.011311
0.372220
0.279686
0.879090
0.264679
0.460581
0.387645
0.946368
0.913735
0.448107
0.303912
0.395228
0.269510
0.711496
0.505449
0.360692
0.811639
0.317615
0.803396
0.827703
0.287343
0.417175
0.116278
0.663191
0.223629
0.674029
0.264197
0.077875
0.703057
0.752066
0.272174
0.714368
0.124286
0.551860
0.593458
0.388965
0.012442
0.981103
0.335334
0.926177
0.429210
0.639246
0.321405
0.698720
0.350742
0.826854
0.059411
0.162381
0.144469
0.862808
0.990084
0.431812
0.279983
0.106363
0.095004
0.503611
0.780392
0.359201
0.581487
0.483449
0.111268
0.853660
0.197817
0.235554
0.405521
0.791275
0.624520
0.417962
0.772378
0.959853
0.344139
0.201588
0.599099
0.665544
0.900307
0.949841
0.492398
0.959719
0.112222
0.636867
0.822526
0.102307
0.068680
0.102509
0.208669
0.163684
0.606121
0.989062
0.522885
0.187607
0.472511
0.634153
0.041268
0.670327
0.869707
0.446788
0.461602
0.494227
0.864751
0.233980
0.454080
0.208890
0.435568
0.053180
0.874434
0.335875
0.003021
0.366832
0.295594
0.115243
0.003700
0.118120
0.217550
0.072380
0.220629
0.426219
0.236063
0.826750
0.415281
0.758949
0.014357
0.887792
0.393102
0.055625
0.558119
0.262809
0.502413
0.019721
0.757036
0.367164
0.253701
0.211116
0.576054
0.689268
0.264296
0.450488
0.025143
0.267317
0.817320
0.320737
0.382561
0.821020
0.438858
0.600110
0.893399
0.659487
0.026330
0.129463
0.486237
0.441611
0.888411
0.500594
0.329402
0.281513
0.556219
0.887521
0.544322
0.058632
0.907242
0.301358
0.425796
0.160943
0.512474
0.001850
0.850211
0.776770
0.452338
0.875355
0.044087
0.269657
0.196092
0.426648
0.090677
0.634949
0.026758
0.984076
0.294436
0.053088
0.113539
0.780673
0.494699
0.001950
0.281268
0.824101
0.283463
0.837487
0.711622
0.827784
0.896120
0.618864
0.129142
0.321916
0.779806
0.641616
0.323766
0.630017
0.418386
0.776103
0.505372
0.462473
0.045761
0.701464
0.889121
0.136438
0.336413
0.915880
0.120514
0.630849
0.968968
0.234053
0.411523
0.463666
0.236002
0.692790
0.287767
0.519465
0.530278
0.999389
0.347249
0.426397
0.618252
0.476391
0.748313
0.398059
0.118007
0.072079
0.028076
0.536393
0.848182
0.533448
0.998866
0.893943
0.234911
0.887987
0.030381
0.571324
0.803867
0.150895
0.202173
0.772834
0.384947
0.613696
0.236501
0.620950
0.306487
0.524268
0.140415
0.836764
0.523656
0.487664
0.263161
0.141909
0.964055
0.011475
0.539967
0.082062
0.083554
0.568043
0.618455
0.931736
0.101491
0.617320
0.825679
0.336402
0.505307
0.856060
0.907727
0.309174
0.006954
0.109900
0.082008
0.391902
0.723596
0.318509
0.012852
0.030083
0.842777
0.153266
0.866847
0.366433
0.640931
0.130008
0.508342
0.604986
0.141483
0.048309
0.687048
0.225036
0.616352
0.305502
0.156772
0.717843
0.922823
0.982451
0.054246
0.428130
0.838511
0.961972
0.737304
0.845465
0.071872
0.819313
0.237367
0.795468
0.137822
0.250218
0.825551
0.980598
0.403485
0.692398
0.347031
0.044415
0.822406
0.855373
0.649401
0.963889
0.903682
0.336449
0.188925
0.520034
0.641951
0.345698
0.237877
0.564773
0.328149
0.292123
0.992903
0.166659
0.254095
0.730208
0.012124
0.325968
0.549520
0.249491
0.121436
0.687342
0.499709
0.946987
0.667940
0.903194
0.639385
0.014971
0.947609
0.461791
0.870344
0.597010
0.425680
0.774026
0.933458
0.614606
0.294060
0.575409
0.960303
0.531937
0.140183
0.288452
0.824060
0.133086
0.455112
0.078155
0.863294
0.467236
0.404123
0.412814
0.716727
0.525559
0.100156
0.216436
0.472546
0.768096
0.119630
0.111931
0.783067
0.067239
0.573722
0.653410
0.664249
0.999402
0.427436
0.597707
0.614008
0.721496
0.173117
0.574312
0.253433
0.313299
0.862764
0.077493
0.446385
0.317875
0.155648
0.309679
0.785111
0.559771
0.722493
0.501838
0.085330
0.822649
0.718275
0.557876
0.590745
0.837905
0.669807
0.373811
0.905144
0.243529
0.027221
0.569393
0.242931
0.454657
0.167100
0.856940
0.176153
0.340217
0.431251
0.429585
0.653516
0.294015
0.507078
0.099901
0.611890
0.662726
0.409580
0.397001
0.222497
0.132073
0.898840
0.307827
0.954722
0.617115
0.865703
0.545467
0.455019
0.535510
0.919278
0.360163
0.779039
0.946499
0.929556
0.021971
0.401156
0.096656
0.878910
0.577309
0.436873
0.310161
0.006895
0.090389
0.604176
0.513973
0.190290
0.216066
0.176699
0.599870
0.613068
0.399197
0.731943
0.511907
0.707024
0.686665
0.129022
0.572727
0.232131
0.584041
0.108238
0.151409
0.944205
0.887277
0.097908
0.873761
0.909248
0.499064
0.970417
0.788158
0.076373
0.407290
0.098319
0.083268
0.497679
0.702495
0.597241
0.687968
0.918562
0.773940
0.287838
0.531629
0.173136
0.019781
0.043537
0.880160
0.706445
0.172559
0.452888
0.938577
0.756600
0.561125
0.089985
0.700805
0.448402
0.187893
0.574566
0.357650
0.686958
0.544983
0.145808
0.763331
0.952273
0.244127
0.846599
0.449951
0.946622
0.443840
0.137920
0.865184
0.217780
0.425757
0.396813
0.390916
0.445538
0.440350
0.271077
0.151983
0.612909
0.723965
0.090560
0.369509
0.285090
0.180545
0.070314
0.733492
0.368439
0.644879
0.091142
0.055397
0.189862
0.236950
0.818728
0.142135
0.481077
0.665327
0.592087
0.427699
0.109167
0.730006
0.292883
0.326947
0.155764
0.689696
0.717864
0.601302
0.130046
0.988941
0.753285
0.742955
0.712906
0.843845
0.112464
0.997996
0.024390
0.182777
0.731488
0.392829
0.827657
0.822631
0.448226
0.017519
0.059581
0.266954
0.159654
0.540658
0.932281
0.751741
0.968357
0.041449
0.481747
0.261240
0.368396
0.637511
0.950937
0.086260
0.238812
0.080983
0.075201
0.992097
0.823938
0.788107
0.835942
0.936401
0.786103
0.860333
0.119178
0.517591
0.253162
0.946835
0.340221
0.701388
0.964354
0.399802
0.968342
0.124008
0.940460
0.900624
0.875749
0.908817
0.942073
0.357496
0.170057
0.310469
0.995006
0.120994
0.396729
0.233819
0.201977
0.471931
0.225916
0.025915
0.260037
0.061858
0.962316
0.046140
0.922191
0.081494
0.563731
0.175354
0.028329
0.903952
0.876742
0.992683
0.303754
0.845084
0.116691
0.244214
0.745708
0.992440
0.153031
0.687781
0.349936
0.323088
0.998250
0.344942
0.444082
0.394979
0.578761
0.646059
0.866910
0.804677
0.671974
0.126947
0.866536
0.634290
0.173087
0.788727
0.715784
0.736818
0.964080
0.744113
0.640770
0.840822
0.736796
0.944524
0.685907
0.853487
0.188738
0.431615
0.845928
0.341769
0.119396
0.195864
0.664857
0.117646
0.540806
0.108939
0.512625
0.119567
0.754998
0.379535
0.924245
0.426972
0.506482
0.790780
0.061261
0.679569
0.579507
0.777045
0.416387
0.543588
0.521158
0.057157
0.384410
0.257954
0.001681
0.070317
0.111441
0.190420
0.501931
0.957369
0.532188
0.621327
0.153233
0.197045
0.738973
0.694039
0.305984
0.251598
0.813606
0.060982
0.631133
0.737851
0.487954
0.137615
0.528631
0.549215
0.817185
0.108138
0.326260
0.233572
0.651726
0.847417
0.290730
0.036136
0.105371
0.292411
0.106452
0.216813
0.482831
0.608384
0.174182
0.015019
0.229711
0.327414
0.212064
0.968683
0.021453
0.518048
0.220281
0.835059
0.579030
0.851414
0.572910
0.066984
0.989030
0.101540
0.616199
0.806215
0.209678
0.942458
0.039787
0.861404
0.789876
0.330517
0.897540
0.895247
0.622928
0.003992
0.112060
0.105758
0.612376
0.286242
0.120777
0.842086
0.613656
0.332841
0.810769
0.635109
0.850890
0.031051
0.470168
0.429920
0.882465
0.043078
0.496904
0.871495
0.144618
0.113103
0.677710
0.354297
0.055561
0.717497
0.215701
0.845437
0.048013
0.113240
0.740685
0.670941
0.117232
0.852745
0.776700
0.729608
0.138987
0.897477
0.571694
0.752643
0.230318
0.382464
0.387752
0.081208
0.413514
0.857920
0.511128
0.295980
0.900998
0.008032
0.167475
0.045616
0.121135
0.845184
0.399913
0.176696
0.562681
0.615613
0.022134
0.610695
0.728854
0.762818
0.281636
0.846086
0.615563
0.058335
0.575694
0.754550
0.955812
0.147389
0.507192
0.186131
0.529852
0.894944
0.267339
0.943367
0.752864
0.778467
0.239346
0.653862
0.786499
0.406821
0.699478
0.907634
0.252005
0.099391
0.084330
0.814686
0.715004
0.106464
0.425381
0.443858
0.869282
0.707017
0.289945
0.484845
0.765352
0.865639
0.239395
0.721164
0.013028
0.746587
0.907295
0.542880
0.641532
0.174634
0.486247
0.394396
0.953101
0.725593
0.048258
0.739600
0.132414
0.747737
0.647234
0.384419
0.847127
0.731565
0.199105
0.562132
0.838029
0.624486
0.005990
0.707311
0.331502
0.295935
0.192156
0.096855
0.161574
0.431551
0.818019
0.174602
0.178139
0.725314
0.717481
0.819670
0.899948
0.203728
0.214066
0.853049
0.929321
0.262325
0.592649
0.061734
0.010061
0.239884
0.446153
0.857189
0.971448
0.645258
0.419321
0.809477
0.269744
0.425311
0.516788
0.601246
0.721246
0.708944
0.698101
0.882819
0.140496
0.516120
0.057421
0.318634
0.241434
0.774902
0.138305
0.141382
0.978630
0.352371
0.994431
0.907951
0.614696
0.587081
0.969685
0.624757
0.826964
0.415838
0.481946
0.798413
0.061096
0.901267
0.607890
0.330840
0.326577
0.124678
0.932086
0.047823
0.833622
0.630186
0.930642
0.974118
0.146306
0.988063
0.292752
0.387740
0.762966
0.431057
0.529122
0.741596
0.783428
0.523553
0.649547
0.398124
0.110633
0.619232
0.022881
0.937598
0.035070
0.504827
0.736010
0.096166
0.406094
0.343900
0.427006
0.732671
0.468578
0.359092
0.780494
0.302200
0.989278
0.711136
0.276318
0.135584
0.699200
0.569070
0.523323
0.462166
0.000127
0.052445
0.203762
0.783555
0.575998
0.853309
0.181679
0.686631
0.472541
0.204561
0.624229
0.507611
0.709388
0.360239
0.603778
0.115482
0.704139
0.030784
0.848153
0.172717
0.389876
0.628647
0.474917
0.379154
0.339784
0.751234
0.514737
0.038983
0.320304
0.038061
0.501149
0.320431
0.090506
0.704911
0.103986
0.666504
0.558219
0.285665
0.353135
0.030760
0.490226
0.977364
0.538372
0.199614
0.337603
0.142149
0.315096
0.041742
0.172933
0.163249
0.214459
0.562809
0.791896
0.689376
0.941962
0.131679
0.440610
0.456700
0.170663
0.760914
0.494761
0.671812
0.081345
0.585266
0.376723
0.185331
0.251770
0.934942
0.470997
0.604905
0.965702
0.961222
0.582269
0.504074
0.160836
0.919872
0.646223
0.475932
0.961614
0.819156
0.639180
0.176074
0.381965
0.431076
0.865449
0.323927
0.562755
0.306060
0.780627
0.733418
0.066974
0.275387
0.405230
0.148320
0.860654
0.781953
0.333651
0.112424
0.716895
0.804648
0.717329
0.682597
0.765870
0.299598
0.186670
0.926706
0.219470
0.832893
0.402638
0.181085
0.652049
0.041818
0.357158
0.034013
0.472894
0.222608
0.357940
0.035649
0.528667
0.138567
0.769068
0.595642
0.413954
0.174298
0.743961
0.274607
0.956250
0.077612
0.387031
0.673145
0.882260
0.104360
0.355742
0.648130
0.403958
0.542412
0.574836
0.623429
0.375305
0.977474
0.804514
0.027353
0.019292
0.161672
0.061367
0.492186
0.384280
0.419307
0.527835
0.912947
0.557874
0.296903
0.508589
0.971828
0.471201
0.252550
0.246435
0.427451
0.330162
0.633466
0.100596
0.212422
0.737826
0.456338
0.860553
0.141785
0.998749
0.435389
0.765213
0.374054
0.412863
0.569727
0.401407
0.432155
0.731399
0.462774
0.924342
0.115679
0.882081
0.452177
0.028627
0.439955
0.749080
0.537216
0.411782
0.220281
0.789766
0.658217
0.647732
0.119928
0.291683
0.748328
0.332351
0.029510
0.204665
0.192903
0.171294
0.203415
0.628292
0.936508
0.577468
0.041155
0.506235
0.978876
0.473311
0.237634
0.441650
0.397653
0.353313
0.323731
0.849830
0.381940
0.763686
0.598910
0.919155
0.175468
0.819191
0.708921
0.833685
0.466922
0.828849
0.125369
0.215250
0.161200
0.154878
0.419916
0.354103
0.326173
0.623330
0.982395
0.262680
0.200799
0.023551
0.768915
0.179674
0.496862
0.006549
0.621324
0.894514
0.359862
0.945055
0.744344
0.741801
0.708740
0.343254
0.660956
