512
0.885014
0.186265
0.157139
0.503461
0.828957
0.675654
0.904170
0.191112
0.394521
0.706067
0.868924
0.547397
0.738959
0.932485
0.233119
0.926576
0.551443
0.933420
0.494407
0.552568
0.939129
0.799646
0.814139
0.594497
0.657201
0.995300
0.935852
0.324541
0.874309
0.589157
0.637771
0.759324
0.775421
0.794910
0.262785
0.604379
0.470564
0.166955
0.795490
0.865086
0.873021
0.664414
0.412483
0.611981
0.596899
0.645601
0.538557
0.148342
0.579022
0.032963
0.700910
0.518151
0.832609
0.515049
0.112648
0.489810
0.510349
0.048500
0.814351
0.384658
0.637656
0.452122
0.143982
0.413078
0.247033
0.406767
0.017457
0.717597
0.573721
0.812947
0.582682
0.446743
0.477361
0.995165
0.058723
0.074260
0.640766
0.597280
0.222602
0.219788
0.630243
0.923513
0.737939
0.462852
0.438562
0.850586
0.952662
0.948911
0.899086
0.767014
0.333569
0.536742
0.219136
0.477551
0.949820
0.466169
0.884318
0.967277
0.183765
0.458039
0.780224
0.766448
0.904782
0.257585
0.761612
0.963505
0.331846
0.402379
0.560785
0.554448
0.622167
0.191028
0.477961
0.360105
0.653880
0.916523
0.210692
0.606542
0.865434
0.109778
0.373556
0.199003
0.646520
0.592692
0.676554
0.596341
0.058860
0.560872
0.563617
0.242626
0.018911
0.343841
0.009073
0.923692
0.601427
0.770686
0.887197
0.933273
0.173065
0.447982
0.487721
0.795231
0.639009
0.965682
0.155336
0.292889
0.882204
0.366028
0.899431
0.747638
0.475806
0.272987
0.946640
0.122326
0.865679
0.623194
0.718666
0.924540
0.184066
0.282284
0.167165
0.202977
0.626125
0.176239
0.126669
0.227552
0.946925
0.013866
0.160824
0.119989
0.461848
0.648545
0.915221
0.100857
0.614227
0.070557
0.393746
0.496431
0.436585
0.293177
0.244069
0.912391
0.566164
0.190709
0.034716
0.431844
0.813904
0.753383
0.356383
0.997970
0.035666
0.523548
0.200947
0.661792
0.699787
0.327616
0.889343
0.646712
0.341482
0.050168
0.766701
0.803330
0.698713
0.681922
0.904187
0.312940
0.752479
0.297933
0.809371
0.189064
0.591111
0.053439
0.101454
0.157275
0.244149
0.136171
0.589119
0.058052
0.889553
0.945502
0.056022
0.925220
0.469050
0.256969
0.587011
0.168837
0.584585
0.476355
0.815549
0.926068
0.526523
0.582250
0.729398
0.225236
0.264172
0.633585
0.538175
0.016651
0.931518
0.347546
0.205714
0.522629
0.400985
0.307168
0.679904
0.645134
0.443339
0.269022
0.703186
0.332892
0.214524
0.759208
0.258112
0.683574
0.016177
0.845123
0.852411
0.600763
0.321478
0.667960
0.526830
0.848000
0.250210
0.256228
0.073236
0.514382
0.889813
0.611411
0.531033
0.821331
0.958957
0.736747
0.343959
0.359942
0.043915
0.023863
0.005076
0.487254
0.292886
0.708262
0.820146
0.507410
0.467471
0.078258
0.190984
0.483648
0.923381
0.043395
0.084411
0.244858
0.711355
0.611241
0.092858
0.961565
0.867469
0.166094
0.475947
0.757282
0.777505
0.006980
0.578613
0.736462
0.743727
0.922572
0.096404
0.787642
0.946435
0.101480
0.274897
0.239321
0.809743
0.095043
0.746730
0.277214
0.173301
0.937714
0.760862
0.096681
0.981109
0.845273
0.341540
0.692463
0.456514
0.434398
0.654029
0.323983
0.600492
0.129976
0.081265
0.377997
0.136956
0.659878
0.114459
0.880683
0.582450
0.210863
0.668326
0.528885
0.312343
0.943222
0.768206
0.122086
0.038265
0.514936
0.399300
0.211565
0.452650
0.160162
0.308247
0.433758
0.005435
0.649787
0.126222
0.461949
0.084185
0.780251
0.785932
0.684677
0.910227
0.867197
0.062674
0.047183
0.527075
0.177133
0.927866
0.109525
0.387996
0.596191
0.638409
0.700340
0.539413
0.406615
0.822426
0.577678
0.921551
0.221726
0.789244
0.374201
0.381888
0.097491
0.807959
0.387323
0.747277
0.934181
0.849272
0.831462
0.714432
0.635204
0.516139
0.624658
0.502401
0.578813
0.671841
0.029476
0.755945
0.599707
0.139001
0.143942
0.195898
0.777410
0.844281
0.735311
0.184025
0.666707
0.312990
0.105576
0.888433
0.102233
0.479777
0.270321
0.199724
0.287736
0.657643
0.947001
0.221918
0.506915
0.778463
0.936349
0.142119
0.294601
0.561007
0.644520
0.873414
0.232848
0.673996
0.629359
0.832555
0.812997
0.773301
0.028453
0.590407
0.617582
0.763764
0.774432
0.284289
0.076753
0.880009
0.172722
0.178987
0.359786
0.443043
0.378710
0.647522
0.100686
0.325711
0.869440
0.607600
0.104174
0.805789
0.749719
0.398775
0.366796
0.394239
0.272189
0.599644
0.068235
0.901549
0.432199
0.881232
0.674850
0.460652
0.471639
0.292432
0.224415
0.246071
0.576721
0.301169
0.126080
0.749443
0.480156
0.485866
0.192486
0.858866
0.133388
0.293171
0.184577
0.002828
0.900772
0.288752
0.808617
0.650491
0.687527
0.175413
0.044729
0.959716
0.775058
0.112964
0.861265
0.207257
0.994196
0.536115
0.667908
0.465835
0.828546
0.892324
0.711906
0.405267
0.193493
0.837986
0.154711
0.673648
0.323852
0.347196
0.532514
0.457240
0.640368
0.717092
0.460067
0.541140
0.005843
0.268684
0.191630
