256
0.675476
0.482950
0.481936
0.304956
0.712087
0.182556
0.621823
0.040864
0.413984
0.695984
0.673936
0.637640
0.347116
0.184622
0.609106
0.627158
0.730729
0.328374
0.740438
0.202213
0.920914
0.684756
0.653130
0.257265
0.532441
0.087644
0.260497
0.877384
0.686125
0.093740
0.111276
0.361601
0.576690
0.593211
0.666556
0.288778
0.775767
0.288379
0.329642
0.189751
0.984363
0.003579
0.827391
0.331479
0.188201
0.436497
0.958637
0.918930
0.764871
0.699075
0.121143
0.685786
0.383832
0.774273
0.943051
0.916273
0.861917
0.203548
0.793657
0.548042
0.297288
0.904932
0.909643
0.873979
0.498144
0.576199
0.162757
0.273911
0.864579
0.492399
0.463662
0.848942
0.495977
0.291053
0.180421
0.684178
0.727550
0.139058
0.603109
0.492422
0.838133
0.724252
0.178207
0.221965
0.498525
0.121259
0.138238
0.360443
0.324807
0.931895
0.908484
0.622095
0.836828
0.818127
0.496074
0.334972
0.394327
0.658831
0.608883
0.258906
0.151230
0.072545
0.107848
0.647207
0.363598
0.288269
0.331386
0.091149
0.427328
0.934494
0.583570
0.265461
0.658747
0.761778
0.487427
0.157272
0.883036
0.625665
0.517715
0.207844
0.557561
0.426199
0.829939
0.394388
0.244327
0.326013
0.729360
0.638654
0.984844
0.338243
0.897560
0.136075
0.410788
0.005409
0.783282
0.774386
0.293678
0.114668
0.865535
0.721006
0.049162
0.449105
0.986467
0.707909
0.210883
0.473894
0.865181
0.093919
0.099559
0.382896
0.301763
0.657120
0.809095
0.131702
0.051508
0.053422
0.457716
0.780868
0.692076
0.442560
0.119111
0.589637
0.578635
0.529899
0.595045
0.361917
0.304285
0.888723
0.476585
0.169820
0.609729
0.525747
0.618925
0.596196
0.233656
0.829808
0.070090
0.098837
0.923728
0.169649
0.481733
0.225491
0.826769
0.290829
0.357193
0.878278
0.344251
0.814909
0.659146
0.036327
0.257469
0.778257
0.625964
0.836104
0.308156
0.221009
0.198021
0.612442
0.109733
0.674605
0.782262
0.719462
0.200352
0.401188
0.315658
0.434008
0.230996
0.385748
0.532846
0.154724
0.555398
0.014579
0.380215
0.382167
0.305408
0.737408
0.260445
0.649659
0.552316
0.919591
0.685986
0.809785
0.697848
0.311950
0.645889
0.006005
0.532960
0.843909
0.618447
0.642692
0.518515
0.400709
0.362154
0.718867
0.801897
0.677812
0.152876
0.032893
0.063561
0.685722
0.187616
0.618958
0.700301
0.567831
0.001125
0.005709
0.305239
0.261570
0.655368
0.857555
0.181161
0.341354
0.667340
0.879009
0.653305
0.313229
