64
0.069755
0.949327
0.525995
0.086056
0.192214
0.663227
0.890232
0.348893
0.064171
0.020023
0.457702
0.063096
0.238280
0.970634
0.902208
0.850920
0.266666
0.539760
0.375207
0.760249
0.512535
0.667724
0.531606
0.039280
0.437638
0.931835
0.930810
0.720952
0.284293
0.738534
0.639979
0.354049
0.687861
0.165974
0.440104
0.880075
0.829201
0.330337
0.228968
0.893372
0.350360
0.686670
0.956468
0.588640
0.657304
0.858676
0.439560
0.923970
0.398437
0.814767
0.684218
0.910972
0.482491
0.215825
0.950252
0.920128
0.147660
0.881062
0.641080
0.431953
0.619596
0.281059
0.786002
0.307458
