128
0.000000
0.007874
0.015748
0.023622
0.031496
0.039370
0.047244
0.055118
0.062992
0.070866
0.078740
0.086614
0.094488
0.102362
0.110236
0.118110
0.125984
0.133858
0.141732
0.149606
0.157480
0.165354
0.173228
0.181102
0.188976
0.196850
0.204724
0.212598
0.220472
0.228346
0.236220
0.244094
0.251969
0.259843
0.267717
0.275591
0.283465
0.291339
0.299213
0.307087
0.314961
0.322835
0.330709
0.338583
0.346457
0.354331
0.362205
0.370079
0.377953
0.385827
0.393701
0.401575
0.409449
0.417323
0.425197
0.433071
0.440945
0.448819
0.456693
0.464567
0.472441
0.480315
0.488189
0.496063
0.503937
0.511811
0.519685
0.527559
0.535433
0.543307
0.551181
0.559055
0.566929
0.574803
0.582677
0.590551
0.598425
0.606299
0.614173
0.622047
0.629921
0.637795
0.645669
0.653543
0.661417
0.669291
0.677165
0.685039
0.692913
0.700787
0.708661
0.716535
0.724409
0.732283
0.740157
0.748031
0.755906
0.763780
0.771654
0.779528
0.787402
0.795276
0.803150
0.811024
0.818898
0.826772
0.834646
0.842520
0.850394
0.858268
0.866142
0.874016
0.881890
0.889764
0.897638
0.905512
0.913386
0.921260
0.929134
0.937008
0.944882
0.952756
0.960630
0.968504
0.976378
0.984252
0.992126
1.000000
