1024
0.693370
0.444097
0.236360
0.653087
0.219155
0.349324
0.514352
0.426411
0.343520
0.050466
0.094320
0.809355
0.879012
0.986643
0.521261
0.284280
0.180136
0.359247
0.438990
0.853784
0.683098
0.786187
0.386299
0.140338
0.426554
0.103390
0.600405
0.967694
0.109233
0.869089
0.159324
0.802604
0.313187
0.395684
0.455690
0.532342
0.745008
0.970042
0.958753
0.088528
0.020508
0.053073
0.897883
0.899521
0.039717
0.419144
0.183801
0.219853
0.778390
0.622791
0.073638
0.461489
0.408978
0.459936
0.601827
0.835532
0.563327
0.202232
0.803227
0.672560
0.071322
0.962551
0.475164
0.384509
0.358235
0.930854
0.916851
0.103244
0.900896
0.875604
0.191772
0.921405
0.928678
0.089655
0.820925
0.968395
0.508799
0.004727
0.188248
0.287189
0.627518
0.261886
0.748678
0.036496
0.721822
0.350505
0.872028
0.285149
0.552737
0.675255
0.957709
0.624059
0.637806
0.432873
0.008569
0.996041
0.363727
0.925419
0.099285
0.264624
0.801024
0.291057
0.186029
0.729701
0.380712
0.006954
0.698096
0.889511
0.011681
0.886344
0.176700
0.639198
0.148230
0.925379
0.675694
0.870053
0.275884
0.547723
0.155202
0.828621
0.222978
0.112911
0.452681
0.860784
0.545784
0.461250
0.856826
0.909512
0.386669
0.956111
0.174136
0.187693
0.247168
0.360164
0.917395
0.627880
0.367118
0.615491
0.517391
0.378799
0.501835
0.694091
0.017998
0.650065
0.619470
0.693692
0.520118
0.895354
0.241415
0.675320
0.723975
0.464393
0.788231
0.176656
0.325177
0.334016
0.637906
0.182003
0.243528
0.024575
0.138114
0.417663
0.212269
0.385282
0.777828
0.129663
0.013161
0.144946
0.745154
0.530552
0.523745
0.246990
0.224643
0.541743
0.897055
0.844113
0.235435
0.417174
0.739467
0.476850
0.092494
0.463442
0.941243
0.880725
0.640098
0.266420
0.214741
0.278005
0.448423
0.458268
0.302580
0.586536
0.875932
0.514849
0.971818
0.653760
0.644512
0.984979
0.798706
0.389667
0.515532
0.322451
0.636656
0.740175
0.864194
0.533712
0.584288
0.099629
0.950885
0.323755
0.576479
0.043379
0.787197
0.517722
0.924104
0.427295
0.784142
0.138845
0.705300
0.232565
0.597113
0.007880
0.819101
0.473045
0.522729
0.790920
0.126805
0.167241
0.775899
0.925511
0.556908
0.291431
0.247962
0.193564
0.031606
0.112157
0.727276
0.615894
0.211786
0.678161
0.939649
0.788265
0.721540
0.726846
0.305987
0.645644
0.154141
0.090130
0.784489
0.859441
0.322695
0.381602
0.867321
0.141796
0.854648
0.390050
0.932716
0.981453
0.557291
0.708615
0.906964
0.114199
0.000047
0.154927
0.307763
0.031653
0.267083
0.035039
0.647548
0.478869
0.713200
0.587197
0.267134
0.434740
0.314043
0.573122
0.080384
0.468185
0.663251
0.864873
0.327626
0.985946
0.246476
0.194947
0.127743
0.101124
0.584998
0.060459
0.082577
0.142289
0.769074
0.989541
0.256488
0.769121
0.144468
0.564252
0.800774
0.411551
0.599291
0.448322
0.890420
0.312491
0.035519
0.157555
0.747230
0.349562
0.730676
0.827614
0.817747
0.393928
0.692488
0.145373
0.379874
0.938963
0.340321
0.507617
0.040087
0.925318
0.568076
0.122664
0.067608
0.337150
0.112205
0.324096
0.106272
0.256673
0.888348
0.907046
0.668224
0.487639
0.355369
0.558645
0.800129
0.390888
0.716199
0.547360
0.740450
0.446876
0.374974
0.558197
0.840804
0.067462
0.703571
0.220679
0.006426
0.043891
0.728296
0.046513
0.969210
0.296372
0.169177
0.036818
0.633522
0.281382
0.360914
0.739794
0.538055
0.249262
0.646840
0.206280
0.736901
0.002209
0.764925
0.537030
0.393097
0.481124
0.084390
0.133548
0.928000
0.459365
0.691745
0.768804
0.526827
0.395316
0.989483
0.533252
0.439207
0.717778
0.579765
0.408417
0.014150
0.748942
0.445235
0.647672
0.030324
0.806148
0.387466
0.568379
0.055411
0.034307
0.774659
0.792311
0.036516
0.539584
0.329342
0.429613
0.020708
0.413732
0.563161
0.948708
0.873096
0.254906
0.717512
0.399923
0.650222
0.706995
0.933176
0.089430
0.424774
0.512941
0.497847
0.438924
0.261883
0.943081
0.086596
0.292207
0.749230
0.474062
0.860587
0.804641
0.508369
0.635246
0.596952
0.544885
0.174830
0.926294
0.974499
0.195538
0.340026
0.537660
0.144246
0.213122
0.792566
0.861759
0.613046
0.442789
0.568754
0.546222
0.532218
0.993528
0.059163
0.030065
0.432452
0.321047
0.973146
0.519048
0.613254
0.722376
0.993110
0.473841
0.527017
0.501480
0.109087
0.123969
0.046365
0.283917
0.050263
0.020864
0.479455
0.390289
0.558524
0.623701
0.603411
0.351090
0.485460
0.216457
0.793878
0.054214
0.762679
0.326097
0.047742
0.821842
0.356162
0.480193
0.142889
0.329308
0.999241
0.756143
0.051685
0.992351
0.229984
0.578702
0.493831
0.339071
0.702672
0.540196
0.622988
0.752935
0.561060
0.102443
0.143224
0.119584
0.726144
0.746635
0.470674
0.211604
0.963092
0.264552
0.265818
0.725771
0.590649
0.313560
0.547613
0.946811
0.793753
0.690502
0.276120
0.792994
0.446645
0.327805
0.785346
0.676628
0.906507
0.279177
0.015699
0.609179
0.819374
0.638687
0.362115
0.380434
0.741130
0.505339
0.500018
0.467274
0.251974
0.970692
0.678878
0.215066
0.235245
0.944697
0.940837
0.825894
0.258257
0.488450
0.772706
0.052010
0.178952
0.048826
0.845005
0.625596
0.376631
0.630351
0.302225
0.283138
0.909528
0.317924
0.892318
0.728903
0.956611
0.254432
0.109337
0.697741
0.759771
0.609356
0.165015
0.011745
0.580048
0.843893
0.226811
0.815293
0.788590
0.167648
0.641188
0.046847
0.656098
0.413894
0.098858
0.835050
0.462720
0.943862
0.460646
0.839351
0.574214
0.762871
0.122489
0.483742
0.080795
0.014807
0.212645
0.037406
0.269239
0.321982
0.735147
0.029011
0.931338
0.900162
0.040756
0.511386
0.744056
0.267567
0.326680
0.532646
0.435216
0.967868
0.579494
0.091314
0.381762
0.678351
0.926364
0.844482
0.622214
0.387011
0.683833
0.196428
0.149882
0.806322
0.680170
0.230677
0.821129
0.892815
0.268084
0.090368
0.214797
0.003231
0.119379
0.146135
0.903393
0.160135
0.657522
0.647450
0.427702
0.984201
0.180096
0.862918
0.952070
0.759590
0.954232
0.333832
0.437942
0.880596
0.178314
0.060156
0.267607
0.862147
0.256583
0.417489
0.668468
0.936753
0.648167
0.489597
0.829569
0.916250
0.579965
0.044366
0.919481
0.699344
0.190501
0.822875
0.859479
0.848023
0.470325
0.287181
0.832225
0.650421
0.150099
0.784294
0.410011
0.104331
0.118126
0.847953
0.984927
0.296440
0.908108
0.252535
0.158587
0.164692
0.670024
0.827055
0.101446
0.318191
0.316653
0.931014
0.234441
0.896618
0.975380
0.153923
0.595963
0.165882
0.976798
0.455442
0.013905
0.447123
0.742622
0.846130
0.097544
0.892721
0.630424
0.507555
0.997052
0.748551
0.355508
0.981980
0.044991
0.263616
0.234514
0.203578
0.428308
0.904538
0.030634
0.529754
0.222729
0.347287
0.460768
0.457171
0.243905
0.436149
0.611093
0.839868
0.602030
0.587891
0.295309
0.615935
0.035014
0.037932
0.462065
0.132558
0.930653
0.092489
0.640112
0.927706
0.841040
0.995620
0.909685
0.886031
0.259237
0.144200
0.089609
0.687545
0.048739
0.120243
0.217300
0.271468
0.467529
0.678068
0.728638
0.711434
0.114216
0.339732
0.551302
0.716247
0.927623
0.846611
0.332182
0.962637
0.884543
0.794247
0.095194
0.815197
0.886736
0.735307
0.742902
0.727776
0.730927
0.652588
0.613807
0.990164
0.796788
0.703416
0.677710
0.845526
0.823659
0.895009
0.116994
0.291188
0.573077
0.845633
0.002623
0.687294
0.185365
0.553925
0.403541
0.112988
0.400536
0.735723
0.075625
0.285080
0.529970
0.170819
0.100276
0.416706
0.906126
0.843179
0.144482
0.637054
0.495767
0.758289
0.627218
0.292555
0.461706
0.304928
0.138082
0.285365
0.199938
0.255076
0.576553
0.773015
0.100709
0.579175
0.460309
0.286074
0.133100
0.863850
0.399062
0.533636
0.599573
0.474687
0.818716
0.129542
0.645506
0.918992
0.546248
0.551633
0.762171
0.690731
0.188687
0.257939
0.449020
0.815905
0.550494
0.910726
0.120834
0.688576
0.196091
0.320772
0.943652
0.772644
0.093788
0.044362
0.351819
0.554097
0.330436
0.484919
0.417947
0.729498
0.018556
0.017520
0.204186
0.837272
0.147062
0.849692
0.756264
0.693310
0.401325
0.518435
0.384041
0.590012
0.776374
0.833061
0.405917
0.326868
0.743788
0.526751
0.015444
0.939878
0.847523
0.959096
0.712522
0.941311
0.003458
0.064342
0.495408
0.333894
0.549261
0.913355
0.063393
0.567817
0.930875
0.267578
0.405089
0.077937
0.117271
0.161353
0.771247
0.518596
0.679788
0.155289
0.108608
0.456162
0.988350
0.514525
0.783030
0.732138
0.041276
0.798474
0.672017
0.888799
0.757570
0.384539
0.830110
0.761029
0.448881
0.325518
0.094923
0.998142
0.238873
0.158316
0.565959
0.169748
0.425894
0.971047
0.247685
0.543165
0.132400
0.018933
0.061761
0.812188
0.174222
0.170368
0.268351
0.162572
0.684893
0.051382
0.894711
0.726169
0.849856
0.566728
0.614968
0.607426
0.951267
0.445078
0.368455
0.400148
0.770597
0.463378
0.398290
0.009470
0.621694
0.964248
0.179218
0.047588
0.935296
0.426904
0.590753
0.067696
0.445836
0.652513
0.879884
0.620058
0.822882
0.148236
0.782631
0.507775
0.199617
0.677342
0.233944
0.049473
0.244069
0.848912
0.656900
0.195336
0.293991
0.025355
0.595484
0.064588
0.488733
0.993774
0.074058
0.110427
0.958022
0.253276
0.158015
0.893318
0.680179
0.748768
0.961014
0.126016
0.401282
0.840899
0.746074
0.224164
0.989134
0.528705
0.731938
0.188752
0.206047
0.965882
0.238225
0.450117
0.814794
0.895124
0.645453
0.108785
0.920479
0.240937
0.173373
0.409213
0.234711
0.247430
0.519640
0.192734
0.500706
0.677655
0.086052
0.180886
0.426423
0.047066
0.306902
0.827705
0.887964
0.052977
0.051869
0.877099
0.581682
0.783807
0.065851
0.787729
0.749690
0.304075
0.237846
0.564484
0.199200
0.883299
0.673269
0.119679
0.124236
0.846642
0.528892
0.358947
0.094073
0.048532
0.551681
0.594779
0.726187
0.637733
