256
173
124
124
79
183
47
160
11
106
179
173
164
89
48
156
161
188
85
190
52
236
176
168
66
137
23
67
225
176
24
29
93
148
152
171
74
199
74
85
49
252
1
212
85
49
112
246
236
196
179
32
176
99
199
242
235
221
53
204
141
77
232
233
224
128
148
42
71
222
127
119
218
127
75
47
176
187
36
155
127
215
186
46
57
128
32
36
93
84
239
233
160
215
210
127
86
101
169
156
67
39
19
28
166
94
74
85
24
110
240
150
68
169
196
125
41
227
161
133
54
143
110
213
101
63
84
187
164
253
87
230
35
106
2
201
199
76
30
222
185
13
115
253
182
54
122
222
25
26
99
78
169
208
34
14
14
118
200
178
114
31
151
149
136
153
93
78
228
123
44
157
135
159
153
60
213
18
26
237
44
124
58
212
75
92
225
89
209
169
10
66
200
161
215
79
57
51
157
29
173
201
185
52
103
81
112
60
99
137
40
143
4
98
98
79
189
67
167
142
236
176
208
179
80
166
2
137
217
159
165
133
103
93
185
206
174
40
9
17
176
49
159
180
146
1
2
79
67
168
220
47
88
171
226
168
81
