512
454
96
81
258
425
346
463
98
202
362
445
281
379
478
120
475
283
478
254
283
481
410
417
305
337
510
480
167
448
302
327
389
398
407
135
310
241
86
408
443
447
341
212
314
306
331
276
76
297
17
359
266
427
264
58
251
262
25
417
197
327
232
74
212
127
209
9
368
294
417
299
229
245
510
31
39
329
306
114
113
323
473
378
237
225
436
488
486
461
393
171
275
113
245
487
239
453
496
95
235
400
393
464
132
390
494
170
207
288
284
319
98
245
185
335
470
108
311
444
57
192
102
332
304
347
306
31
288
289
125
10
177
5
473
308
395
455
478
89
230
250
408
328
495
80
150
452
188
461
383
244
140
485
63
444
320
368
474
95
145
86
104
321
91
65
117
485
8
83
62
237
333
469
52
315
37
202
255
224
151
125
468
290
98
18
222
417
386
183
511
19
269
103
339
359
168
456
332
175
26
393
412
358
350
463
161
386
153
415
97
303
28
52
81
126
70
302
30
456
485
29
474
241
132
301
87
300
244
418
475
270
299
374
116
136
325
276
9
477
178
106
268
206
158
349
331
227
138
361
171
110
389
133
350
9
433
437
308
165
342
270
435
129
132
38
264
456
314
272
421
491
378
177
185
23
13
3
250
150
363
420
260
240
41
98
248
473
23
44
126
365
313
48
493
445
86
244
388
399
4
297
378
381
473
50
404
485
52
141
123
415
49
383
142
89
481
390
50
503
433
175
355
234
223
335
166
308
67
42
194
71
338
59
451
299
108
343
271
160
483
394
63
20
264
205
109
232
83
158
223
3
333
65
237
44
400
403
351
467
445
33
25
270
91
476
57
199
306
327
359
277
209
422
296
472
114
405
192
196
50
414
199
383
479
435
426
366
326
265
320
258
297
344
16
388
308
72
74
101
399
433
377
95
342
161
55
455
53
246
139
103
148
337
485
114
260
399
480
73
151
288
330
448
120
346
323
427
417
396
15
303
317
392
397
146
40
451
89
92
185
227
194
332
52
167
446
312
54
413
384
205
188
202
140
308
35
462
222
452
346
236
242
150
115
126
296
155
65
384
246
249
99
440
69
151
95
2
462
148
415
334
353
90
23
492
397
58
441
107
510
275
342
239
425
457
365
208
100
430
80
345
166
178
273
235
328
368
236
278
3
138
99
