8192
7503
5828
3154
1342
2346
7275
6768
371
8022
2952
8190
1357
4840
835
6848
5593
5068
3933
4032
2680
2695
6785
3960
6171
3378
6539
1232
2870
4909
3738
792
4219
1374
3945
5560
3720
3027
4135
4090
2856
7087
4088
4213
3735
4923
2868
1136
1799
6801
5167
4478
1304
3760
246
7474
7137
6785
514
1815
3501
4252
2606
7720
5625
6551
5087
1152
1385
1030
5242
4241
8117
1137
261
3659
6059
3129
4794
7857
1738
1769
4143
3041
5528
4388
2322
4473
2981
2836
6287
6481
7087
701
6008
4520
7251
2903
5671
444
3932
2720
4684
3857
3857
4945
7515
1723
8074
4117
1388
1619
5885
5530
4660
3221
1726
6982
7693
4706
1625
5788
2995
520
6489
811
5039
5547
3713
2517
5990
7645
5237
2482
3309
902
7427
2632
2624
7308
6748
4012
735
4441
1350
5394
7661
3075
4183
7162
7781
5808
4758
2584
6327
3054
3394
3174
409
7106
5691
6398
6559
2735
688
1675
3636
8114
4306
6260
7230
2862
2080
7965
7302
3429
5166
6770
6504
1157
5740
6093
6965
2305
484
5100
5359
3877
81
5767
2791
5771
3973
1157
314
4660
2832
3950
4582
7137
2018
3620
1806
4097
3392
916
7525
366
7686
5837
1522
5233
3737
295
7538
4221
5394
4704
8098
5474
2279
2696
3053
6251
3853
3366
2719
6684
7315
7301
5629
1140
2728
7434
5236
6119
157
4569
6484
7843
2214
8006
4883
5950
108
4229
1979
5502
740
1884
2784
3019
4580
5836
1078
240
1009
3796
6924
131
2904
4360
1270
5632
3602
6506
3558
3759
2882
1850
3409
5095
1663
99
2853
1771
4327
4832
7272
5067
6715
1864
8085
3102
7699
970
3342
515
4766
2074
646
7670
6433
1915
5109
1842
229
475
5600
3111
2324
817
13
3986
915
2866
5757
5242
7697
4837
2117
6220
6700
2010
1130
6206
2980
4472
6721
7745
6545
7366
7223
4785
1089
4139
6627
1317
4613
4035
4427
6936
4851
4440
2730
5766
7306
295
2816
6810
5131
4933
4838
3639
6942
5967
1652
1729
2247
181
1282
599
7546
312
5384
442
4451
3819
1759
871
7853
6185
7807
4512
2432
2344
2086
1545
2638
4902
163
7769
1642
5001
3215
392
2776
4867
2120
5022
5047
3402
5621
4401
3713
2812
4843
8163
6630
6601
842
6291
4594
456
2611
7026
2800
4697
379
5438
1406
542
5015
3048
5542
37
3439
125
4904
5559
5147
1758
768
2575
6159
4481
5387
2810
4452
3824
1218
5293
1923
5812
5749
4534
4645
357
1039
5023
5795
2445
5564
2617
5492
2914
2654
739
3039
7557
6297
8185
1123
7065
2567
7281
3353
7953
1898
7804
3585
3116
4905
5508
735
2462
1849
5380
2818
2888
2210
421
5332
7774
3037
2631
2495
5690
3369
5534
5054
1474
5526
6176
346
8093
5265
3698
7853
7163
3310
3246
2086
23
561
2821
2485
2410
8
5303
5297
2218
5723
2437
1800
567
5067
4295
6257
244
1636
3119
1718
7161
1102
2063
7061
6367
5761
6722
5337
879
1776
7423
902
2337
2051
3386
4747
2059
496
1852
4277
6218
4288
6076
6785
1162
2179
4849
1406
3814
7967
3123
2783
877
5186
1652
7243
2754
182
4388
3633
1957
3618
4534
4293
5669
7919
847
7728
222
2698
3812
6439
6985
1696
5032
8147
3875
1688
1361
7688
1462
4484
2279
2338
1477
3930
1389
4231
4111
5777
7863
6068
1202
4204
2169
6871
3931
3015
6407
4152
5713
2026
2399
4506
3722
7430
4461
7596
926
5821
7092
2387
2112
1179
4725
3588
5108
6114
7818
1027
3698
7489
7095
4900
3500
1071
3578
7431
4085
1792
3390
1606
3818
5789
6111
7540
5027
2379
6944
5952
8
5844
147
2119
7022
4872
5707
3938
2794
5332
4965
6491
4629
3867
3199
8129
4937
6776
7367
830
376
2565
2435
4194
161
353
3542
5188
2732
2294
2948
2739
8137
3094
4857
6967
7966
2372
2712
2567
7703
7677
865
4139
3351
4063
4076
95
2647
3250
924
3023
5814
3359
7217
5975
3711
2567
2970
6443
4860
5917
990
4805
819
5847
3579
592
26
6291
3158
7729
5775
4023
3676
934
8086
7751
1028
2541
2808
1952
5564
429
5310
4588
6404
829
7154
1181
7271
3822
7098
69
434
7916
5915
4013
316
5940
2111
3474
5476
7886
7496
959
627
7390
517
1655
1738
3325
3606
7301
3754
724
3697
1965
1552
2658
3146
631
6479
2051
699
6913
1775
6613
2733
2090
4361
4844
5564
1644
4537
4867
2603
5164
4065
3120
6818
5802
6444
2232
4911
2005
2955
415
3969
4506
3073
7114
5137
1360
973
5835
80
2747
4256
2813
4837
424
7656
2208
2068
4000
7075
4670
972
2947
7789
7789
557
6041
1829
5467
8045
4783
5881
3822
1097
762
2743
6233
2121
3716
3876
2201
6463
8131
5013
3107
363
4476
5315
2430
284
4198
7100
1255
7145
6697
852
7701
4545
2680
4976
4397
7462
2665
26
367
3426
2769
6599
5547
6484
2282
7747
4755
2221
4568
7862
2584
851
4984
5013
1135
990
3920
2389
8134
2424
3241
7643
6969
5920
4426
3173
5190
7090
3199
5556
2323
5967
3963
7869
4259
6245
7424
821
274
3799
490
2857
4650
5474
7869
5784
6464
3597
8173
6406
6021
3221
5856
4797
949
2089
7970
6138
987
2976
3502
3309
751
7465
2986
5010
5517
2218
5831
5790
6016
6321
455
2474
3603
131
65
1874
3728
45
88
1557
3266
5943
6354
4214
8032
6131
2160
826
915
5661
4135
1666
4934
7120
6676
2258
1146
4314
8048
7162
2443
310
1443
6045
441
1508
7919
4169
1552
8006
5726
4818
5757
3887
840
5596
1826
2999
6421
2741
468
2363
4406
5401
1291
2889
7659
2437
7203
7514
1406
1453
7824
2848
7498
72
4355
7225
4241
5907
7039
1774
2533
4603
5661
3372
2006
7486
6370
235
2034
6837
2598
6440
4046
3888
1137
3512
6324
147
2834
7730
1600
2465
2385
906
2537
6740
8130
6777
4455
6976
359
6987
3386
6019
2166
5392
5312
344
5627
7346
7180
32
5594
3034
3920
6730
6545
2052
6876
1187
1589
284
3651
3974
1189
6188
2521
1127
4773
6975
8102
5131
5770
3296
2958
7935
496
78
86
6122
7423
7266
6153
4824
2107
1880
3361
460
3931
2045
1647
5520
2329
5297
1301
3517
3293
3821
4643
8065
2604
4553
5004
181
7848
7961
8115
152
8038
9
6273
7269
7275
4234
3900
1189
6113
7261
1649
1852
1114
3295
7371
3442
400
479
6959
3693
4300
3410
3565
6903
7962
377
7083
7618
145
7006
7769
8183
7015
5850
7259
6097
1891
2967
7286
8004
2036
742
1663
3150
4037
842
6592
4437
1320
5359
8129
5619
576
3501
4330
346
3878
3220
7964
4023
2034
7540
4013
856
5198
3080
6952
7088
6047
6045
6900
8083
6787
370
3040
2632
1212
1440
7068
2531
6798
7004
8150
7373
2313
4287
7718
6190
7507
7489
2020
1348
6837
6033
2204
3843
921
964
2739
6967
7009
1446
6858
5603
1815
1705
42
3026
3144
7110
5557
1749
5921
5515
930
42
1609
456
6231
924
7944
59
2272
6589
6092
4475
2239
7012
5439
4977
5787
4255
6423
4452
1665
46
6157
1707
3071
1109
624
436
2858
6545
5950
3787
6586
7559
4242
4625
291
3994
4683
2562
2391
2583
7037
4630
1402
4283
1415
7189
346
7837
3449
2011
7882
1413
3717
2761
2522
4341
3197
5379
2694
955
974
1087
321
5216
5712
612
1018
2202
3174
3408
4785
2018
8037
6187
6301
1260
5183
6646
904
440
464
594
1852
4181
3354
4374
330
6550
1560
3023
7504
2534
4110
7825
7749
1629
244
574
3831
3418
3982
423
5435
3826
6609
3544
5085
3600
1998
5989
4039
2462
6582
5891
6642
1744
2072
6972
101
3632
1803
7605
6165
5912
7237
5722
7541
7481
6295
3179
2706
2084
3602
8141
5910
2019
3493
2803
5619
5490
600
1465
7951
7181
7356
6401
732
1236
5181
833
4867
6983
245
2840
4702
7482
370
4050
6770
6665
7229
1284
557
2638
1232
6466
4657
4725
1077
2083
2022
1676
3548
1781
665
2711
8182
1397
3946
5170
2230
621
3960
2474
3461
470
1764
3830
4520
342
2302
3556
1625
2858
6194
2857
1132
2659
7581
2208
4741
1411
3884
96
3191
4549
2807
3181
5946
6753
158
8175
7373
4118
2457
2642
4587
4220
6471
914
4561
581
4470
6186
3438
2472
850
4569
5131
239
6777
1679
1650
2469
1775
4840
7018
4582
8020
4771
3142
8178
4753
2323
4103
7209
4964
498
3236
3243
1411
7797
3823
5881
5790
7261
161
6640
3637
5291
6879
2222
6970
336
4691
553
5176
3516
5134
5004
94
84
4989
4847
2406
900
3863
7370
1397
7099
2420
2808
6704
6243
496
4302
5311
657
2749
756
5948
1435
2978
4725
1771
7668
5277
6946
2991
2219
3757
3085
2302
554
7931
4708
1453
3602
3885
2849
2509
6305
5656
1021
4355
6152
5322
1474
6809
8070
2229
4564
1313
5207
1096
3083
4682
6373
1837
7673
399
5594
2566
2701
6147
2305
7408
7600
5906
3100
2257
223
1213
7913
1243
5568
5872
6564
7041
4488
6442
1078
860
7755
6284
1956
2646
2774
136
4482
2254
535
1883
4820
3235
8030
7124
2450
7438
4838
5550
1502
5060
6763
1222
6303
4138
7094
4675
2987
3390
2925
4064
4249
2487
2156
6204
5132
4930
6340
1422
7184
6874
3305
3811
1917
3142
2742
4367
2388
7579
1724
3889
4447
295
5111
2557
4432
4012
7232
7418
7401
1964
3290
3458
4450
5446
1469
1390
2183
7808
2811
1174
6490
6115
4985
214
1065
7726
4580
3452
7113
6304
7341
3367
6598
4259
5924
2838
78
4963
2063
7479
6926
5353
2744
3184
2607
4213
4573
4789
3828
7383
5963
2125
5305
2756
2339
6369
2289
6919
1628
1209
5030
777
4576
3436
5035
2307
6273
5113
7269
144
4399
6003
5496
7143
994
8102
3163
5567
4699
6991
4757
2470
924
1870
5225
3262
47
7514
1988
1675
530
7018
2451
5106
2261
7485
7412
342
4405
6489
485
612
4299
5980
7755
5293
5890
2726
2667
2397
1524
7424
4866
2448
1101
1898
5710
1147
1219
7698
2821
1749
6523
5271
6854
592
4564
6074
933
776
4370
1417
1388
476
7397
950
5768
5095
3675
243
7491
5199
7666
4164
7646
574
6062
5163
1721
7281
4669
4541
838
2999
1620
7692
3591
6183
5573
4523
6959
1750
5940
154
2226
5145
1104
7994
2047
4778
44
1346
1785
7709
5509
1239
91
3379
6402
1811
2468
2878
6352
3305
5876
7971
2805
1274
5962
186
5797
4728
1935
3545
4881
4161
497
5984
3962
2544
2570
4006
3889
4355
3523
1206
5593
3614
4584
3802
5424
7052
6679
3584
2165
4362
3363
4969
5636
1132
5154
3241
5860
7089
6785
2548
3058
7281
340
7020
1632
2910
2833
5520
7264
6356
6726
4664
1777
3118
273
7201
1977
6951
2592
4141
3121
5955
918
565
7087
6072
3805
4754
4969
2398
7302
8026
1486
7641
6853
3118
2359
1494
446
1430
7849
7171
6094
1433
2096
6366
441
4073
5125
3033
21
54
796
939
618
7882
7010
4423
4443
3786
6820
3552
3620
114
3001
2280
3232
5359
3774
3678
6789
3430
2657
4690
4863
4752
2864
5304
633
7989
145
654
8042
940
1592
468
629
410
4891
5071
4196
3519
431
7815
3633
3431
1903
6864
598
5676
2349
7387
913
5005
3884
5776
1565
6748
2887
2197
6544
3031
2851
6394
3971
4442
6862
4599
4851
3560
1477
855
7079
1908
477
2519
5338
2379
1190
5936
8054
3539
5130
775
351
822
6551
1916
7570
1245
4113
5922
4276
6963
4123
54
3212
2793
4652
8063
6353
6129
725
5239
8036
1202
7757
5182
3580
754
2926
3442
4293
8056
4217
4644
686
2575
6559
63
3819
2479
5984
8095
1250
1915
8149
4462
4707
4609
4333
2868
2546
5058
8106
2390
6259
7670
7571
1647
232
2305
5088
4525
2168
1112
976
2853
3686
7534
2916
7505
1821
708
7407
3070
2622
7364
7532
7329
3780
3672
2004
6325
537
1918
522
6795
1395
8093
249
1627
2205
5337
6151
4373
6448
7126
7226
1942
6468
1950
1254
97
2657
469
3167
5278
7832
2506
4415
3420
6177
6419
1552
6713
144
2074
5315
1539
1974
5564
3166
4179
2708
1124
360
964
58
7585
2905
6526
1342
4159
6622
3999
4627
1596
1084
4267
4101
5499
7687
2086
3725
1046
606
3869
3119
5921
5407
5093
3292
380
1079
6000
1504
1438
6963
1562
831
1675
8087
2173
5834
6517
6171
2269
8113
7255
6535
4022
4562
6029
6107
94
7075
6712
3963
2002
4441
1178
7094
7732
1557
8173
5539
3061
1419
4310
4623
2249
5985
4518
4422
3626
2842
2400
5894
2763
1463
4237
6784
6024
2074
4699
6118
956
3218
1888
2958
7659
3065
1859
7198
4622
1840
4545
7683
3258
662
4113
5507
6647
438
1736
2080
3280
4136
7973
6042
5598
4018
4634
3430
6091
1140
1355
7047
4358
3243
1812
3824
6308
3671
2830
2738
5510
7375
2228
575
8037
6341
6081
6491
6779
7817
378
1866
3760
159
7908
1166
4176
4350
4595
2074
5489
5950
929
1655
1001
2740
5479
7308
6410
116
1854
3728
7490
4081
4303
7334
2229
2192
5632
815
1816
6010
2681
5576
6168
2397
6741
2152
6746
3143
4226
4043
901
5154
5697
1901
7893
2983
1017
6111
3099
2870
1647
2396
6951
5949
1538
987
8140
7170
1802
1764
4987
4483
7339
2963
6879
5887
5114
5433
838
1147
1283
1739
6300
6979
3639
6001
1770
4656
3919
4868
7525
5565
7264
6283
3322
609
7270
3269
7778
880
5033
4573
5363
4179
7536
4049
1874
4457
1289
2711
5604
2572
4449
3711
1358
8088
1520
3127
4551
5438
7995
3884
2811
7066
1974
6133
7674
1052
1210
7260
1931
6242
3641
7293
2228
2984
3150
4101
7440
4439
6812
4851
7010
3069
370
176
2964
1889
3303
7515
7327
3105
3206
1946
1978
5180
8078
1460
6232
1095
528
8162
7336
4168
7263
1372
7152
2221
5472
6399
6660
4092
3058
5478
7160
3428
5653
1932
5316
764
1254
4451
3868
4460
6396
5846
1448
6282
7306
7679
7377
7833
7649
6520
3809
6720
7891
2768
749
5171
975
7408
1070
4032
4693
37
7460
2154
1969
4584
2917
3223
842
6785
7682
7238
4438
938
5328
3552
425
4512
3192
8074
2840
7000
6601
2539
1575
7349
7709
2550
6565
587
6581
3065
624
5849
5218
2592
2240
8135
5814
3082
6727
5304
2128
2973
6242
7455
6524
6666
3774
1524
6547
6614
332
4956
960
1907
4112
477
4456
2484
1063
2845
5549
1686
501
2575
4278
2740
2517
1900
5822
1052
7203
7949
4025
5252
7211
2357
3726
2793
3880
2081
1214
4212
7036
2174
6118
2956
2650
2382
5440
3712
5226
2796
5398
5727
5371
1484
275
7887
3383
6096
747
2393
5852
4772
7645
4871
7128
3179
7663
2816
5259
685
7027
4103
2858
4953
7058
5507
7334
4305
1027
4368
7101
6425
1902
4279
7908
2176
3974
3098
79
4720
5491
5930
1299
4944
2608
235
8123
2079
3050
5189
2763
1885
1099
5621
6837
8156
2935
5978
4269
3962
2153
3177
2194
4055
7455
1910
6230
3236
5008
6308
7956
2306
4046
1063
7250
6653
1297
7180
540
4346
4177
3302
6230
5275
730
4875
5239
3665
2661
1315
7627
4814
4491
1628
676
3754
3538
6905
6989
353
5020
6753
2658
873
7815
1716
7526
919
703
8065
5265
4879
3175
3302
1962
3905
8176
7200
7569
2645
323
7003
7458
4814
439
8133
375
3976
6845
7364
4328
3673
5924
6986
4545
5546
509
3879
6465
1212
3751
3537
6090
6926
6838
8051
2638
6822
7059
2014
1275
7382
825
540
4003
1263
480
4378
5239
7325
3550
1374
2805
1281
168
7350
6827
676
3037
5099
1887
6787
443
7977
5521
7281
7836
8158
5911
6703
1979
7185
5892
2804
7725
1703
4067
13
6080
1113
7337
1437
2487
1950
2718
2654
1108
1353
3330
4144
6451
5217
2739
6894
5001
67
5983
4645
32
3702
3156
2011
2695
855
4815
2227
2558
689
2240
445
1801
1384
1882
4288
3334
4600
6942
4441
5952
2079
393
4211
7295
3131
2913
4104
3198
704
557
3229
4405
3712
5240
7100
4567
1862
1134
7124
2550
3373
7569
4351
4757
1258
447
8091
5858
7388
4339
3617
1274
4731
7828
377
7862
2548
4481
2867
3251
5037
6096
7656
556
3143
6563
5123
5005
7697
4054
7555
2878
3430
3713
7635
4687
4160
7533
2353
3355
3679
5969
4629
218
5605
5005
8080
8152
1293
2754
3211
6330
657
2674
6885
3800
1045
3816
612
549
7869
8166
3426
3106
3687
2869
7793
7847
2209
1953
3009
5888
7922
7637
6105
5334
4450
5993
5293
5742
554
312
3879
1211
2985
2572
5011
4029
6387
5622
4578
6064
5596
8004
977
1091
2680
578
745
4888
2530
3754
2583
2259
3198
496
7593
7648
6488
4694
5197
7042
5005
884
60
7990
3456
5070
3826
1651
2500
212
7714
8096
23
499
995
2702
1076
1739
7589
3605
5492
1980
5864
498
2475
5265
8145
771
1766
5150
7812
6770
6034
7872
6567
1298
4750
2201
2948
7250
2412
2470
7153
2434
2968
8147
5136
4043
1694
4533
7648
7186
6512
5320
7683
795
2392
7636
1565
4158
4594
1185
2735
2435
865
1110
3732
5614
3311
6680
4671
5723
957
3632
8157
3925
3587
5100
7968
5280
1440
7424
4273
7951
4552
3764
554
6943
3208
2118
2908
7801
3303
5643
2043
4167
6753
5775
1589
1871
4262
6259
7593
5219
1699
7557
952
5285
4465
727
2372
5904
8150
6645
5663
4509
2217
6216
3260
5424
142
6168
5033
3444
3619
7076
7611
2179
4658
1007
4050
728
7266
3451
5947
772
2815
6898
6056
7279
7625
236
4991
7582
6881
2461
3899
906
485
7159
6329
627
5134
3169
4071
561
2053
3489
2739
6710
4495
6789
7438
3569
2047
5192
4340
4862
3898
2204
3948
3330
2440
747
2720
1128
3208
6618
2033
3692
5585
170
4318
2527
3339
196
3087
5391
3685
5826
3909
8180
4422
3155
3556
6468
154
7896
3137
4052
1907
7085
7381
4347
7832
1909
5475
2847
335
7508
6539
5919
7677
2665
253
2824
2861
3339
23
6545
972
3931
6533
5394
7085
1896
3670
7239
1600
6807
3099
3506
5699
2287
7853
5339
4196
5135
8186
4530
4450
6532
2256
3935
1005
2508
6758
3865
5846
6780
2218
6818
2519
558
4019
1412
2454
7688
458
4053
6302
3556
7559
3809
5843
7219
956
1846
4161
949
6376
419
7481
439
4353
293
2946
2919
4158
600
1507
6375
7418
4025
6933
3244
5437
1195
2740
5894
5248
850
1258
4614
4659
7101
3641
5614
755
7802
6562
7130
28
5850
7569
4381
6142
2323
7299
2108
2922
614
290
2148
4638
7223
5391
1883
225
8131
7777
5473
789
842
1894
5447
7943
5535
2868
506
5144
1238
7636
5172
7087
7012
1361
5037
1142
467
7144
4064
1080
7434
6211
5718
6465
3410
7601
6690
3349
7185
3970
4137
8027
5863
1391
7777
3206
4258
91
157
5496
7726
5329
4390
6546
6689
1235
7688
7156
186
3559
44
7620
1578
5762
5892
4987
5170
4389
143
4162
166
4279
3996
6029
5670
3581
1042
1736
3671
1199
7231
3205
6528
3428
1559
5024
4663
1054
3988
4848
4612
4031
4276
6190
1601
1975
2984
6770
6363
3127
2740
6529
7406
6735
4365
4883
2124
5407
6618
5795
6606
5656
808
4941
892
2366
1773
5554
3419
5760
2210
8031
1599
6485
6028
3199
267
820
1777
6630
3947
4516
4966
3160
3059
1139
8042
5183
6545
6468
2785
4958
3931
3592
1707
4823
5958
3479
2184
1184
1046
4394
1023
2645
2686
7050
5844
2953
7870
7620
1390
3624
3944
6356
6783
7003
7495
6633
3993
5848
4908
6778
2613
647
2178
4319
5470
8135
7798
7654
1126
652
3855
2149
3296
6541
1007
947
1301
684
375
2691
4308
4318
855
2898
3129
157
1339
7121
6004
6247
5707
425
6893
7884
4744
4171
7826
4349
3632
760
5000
7486
2908
104
5834
3914
1050
7135
4598
1425
1633
713
5743
2487
3611
679
2644
4949
7800
455
3003
5314
879
1704
5005
5623
5874
4639
1779
1314
5398
6779
607
114
6882
6441
4027
7932
5383
432
1164
7015
1145
6906
1310
4755
7585
3953
1512
7192
4408
4515
4314
5287
6219
1127
2717
3901
5765
4496
5214
2971
3083
5820
3084
1772
4068
7111
1512
1259
7543
2676
82
495
1389
1391
5250
781
5344
6761
7973
1559
3083
4094
6846
1109
5220
1370
5009
2793
5866
2031
5763
756
7850
655
2528
3726
7766
4040
4984
7116
6715
5065
7611
8104
6456
4668
693
3608
3237
473
5166
6320
4567
3820
7429
1594
5190
4246
4386
2863
6276
1957
3619
5933
2612
6146
1467
2185
1994
6451
1108
516
3324
527
427
1588
5195
1119
5195
239
1592
2169
6558
6158
5988
5794
7751
2985
1847
3945
5848
8123
5902
1274
5863
321
7420
7330
2505
1221
5588
3613
1736
719
4140
2163
2306
1142
3281
7501
1380
4872
1477
7938
2837
7464
5540
2396
2257
7387
6341
8104
7317
4051
1185
4987
4371
412
4125
6876
1633
1520
2297
3368
2239
6436
5531
4545
7577
619
3853
765
5491
5330
510
136
4601
6049
2532
6857
5243
680
6768
4367
4730
7953
1162
909
172
5286
7785
1805
6806
1889
5172
853
133
2510
5397
7710
3129
1058
282
428
6387
792
563
2796
6841
3094
1460
3892
3774
36
67
312
7989
1228
1220
8161
6514
813
1773
5128
2702
6944
5980
2834
1262
3185
2352
4391
4242
2633
4818
2437
3425
5381
5232
2073
283
6692
5965
4056
6728
6031
4367
6524
7259
5587
6492
5581
6400
72
2516
909
7016
304
3742
86
3488
6093
4477
7730
534
1102
1974
3959
6483
7206
6031
6765
5706
3804
2629
4241
1642
6995
2573
708
4390
873
6289
2597
945
612
3506
7960
915
7248
8046
4403
5149
4330
3940
5683
5432
5914
1449
3722
4927
7480
2294
2441
3091
4922
6682
4732
3725
1062
5440
8115
1935
3536
2520
2879
4148
6026
2646
5062
5081
2500
1273
2037
6829
5212
7719
4069
2933
975
7790
7860
262
1892
2109
3353
6814
598
8084
2347
1660
5332
2270
3594
676
4790
6472
4823
2623
926
1693
7703
3425
2965
1548
2062
8177
1074
6130
2918
2049
5728
2586
2311
7620
4694
5663
6242
5291
5555
397
6951
2694
2666
2352
3370
7455
631
8192
1886
1557
1693
1396
4982
4658
2944
7043
4642
4017
4981
7559
6066
2517
1952
184
1945
6645
5847
8186
3744
3209
390
2503
5903
3056
4854
1080
2318
5485
1080
4204
7041
2773
5600
3831
7430
351
2681
3879
4368
7662
3246
2241
1987
5198
2425
3931
3651
79
3924
7394
3288
4314
1704
998
7369
6558
2078
1495
3850
3158
5698
2699
5930
3105
6529
5168
3455
1018
855
7822
488
4100
1871
2474
1105
4295
6404
4755
4374
2135
3957
7661
6448
5661
467
5624
4026
2545
7119
7876
5702
4624
2383
3440
7728
719
415
2991
1737
1270
2621
2224
5369
4491
4697
6474
594
2908
3036
4968
5043
6993
4437
3299
4461
4904
731
295
7448
7849
8170
4958
4280
2360
206
3816
3079
621
6806
4816
1890
1235
7039
7258
5725
3544
5539
6319
6452
383
3094
3302
7375
7531
6601
3643
4242
7331
3937
3497
6987
3915
263
3075
6275
469
6891
1162
1089
5504
5977
2978
6738
4824
2044
4271
175
7583
2398
6626
7966
5491
1736
7148
4829
144
2599
879
7474
6536
4376
6269
2259
4638
1151
341
5106
8041
1503
6195
5353
7479
981
3899
4110
3025
8170
4285
2415
2375
2718
2189
7866
4453
1145
4503
4597
3743
5381
3878
2087
1564
1954
4345
6202
3105
4686
3116
2954
6188
1118
115
5475
2098
4014
1393
5123
3992
5677
7538
6366
203
1534
6040
4656
2678
2351
1060
6421
7731
4938
315
1103
6891
4660
7305
1804
1153
2228
4758
7341
3346
4873
4623
5444
694
6016
2374
4685
3500
1719
2859
3703
3252
707
167
5930
3057
1226
4158
2596
6163
4473
3699
4862
940
2811
6666
2093
5039
3231
1241
192
8104
5864
5635
605
3687
8008
5290
7187
1534
8149
2698
4786
663
2864
2523
3720
4090
6680
6316
2060
2960
1822
6922
3900
4633
5395
5992
1479
434
7233
1670
345
4904
7304
950
399
7120
6240
7586
461
6196
2091
5247
6858
4954
7769
2386
851
6257
509
2911
1025
2330
1640
4924
6962
7035
2724
248
7469
1764
1918
7814
6668
1029
572
7066
8148
6811
6459
417
4814
357
5663
3480
5311
5240
5866
6162
3304
6374
881
4329
512
2521
1061
7473
1363
3784
7721
640
5547
1447
262
4022
2475
833
2896
2431
7644
1162
2848
4265
1519
319
7745
6830
5558
5418
4800
670
3599
5680
4998
4110
8
6058
3391
1371
1650
2920
2010
7197
4366
2272
3026
6841
3104
5922
1080
2555
7083
3927
6820
410
4246
6372
7240
1612
3598
3847
2281
7197
1334
7279
3114
1341
5145
6505
2711
6794
1233
4721
5798
5598
6993
632
4246
1904
6553
5326
4459
5444
1061
3087
5854
5306
1267
4901
6917
4864
555
1006
3868
1888
93
6982
3229
5237
5295
5940
3839
6527
2469
1445
3932
1269
2077
8178
3173
438
5312
7631
5881
6372
2526
3543
3485
3792
251
2210
463
805
3215
4331
2693
3307
3121
5922
352
223
3670
4191
6749
6138
5635
2489
7407
7712
2475
2387
8149
7786
1826
5838
5965
4351
1188
1258
8142
1439
3467
413
2244
6682
4744
4937
1797
7864
2666
2149
8086
6336
6339
6643
4281
3782
939
3495
3302
3413
5882
3258
3007
7707
904
780
3866
2092
2037
3815
3530
5504
4228
5773
3994
779
2517
5791
450
5183
7939
344
3326
6086
6986
7607
1675
7924
2910
4976
3145
599
42
6151
114
946
6931
3979
3037
775
7794
6567
6279
3830
4148
2080
4608
6665
7871
5058
3656
7617
5401
6981
5510
4194
6396
7185
3926
1113
3969
7070
1712
4011
5029
1826
4956
3767
5804
7993
4542
5406
6368
2629
1043
2323
4708
5651
795
4386
2516
4451
3811
7917
3239
1129
3918
1443
121
7844
2556
4090
6722
4267
8100
3558
6093
4864
7325
3704
4665
3675
918
2840
6303
1960
5163
2819
7611
5958
7205
1934
2216
2823
1659
5455
3951
5576
6897
4072
5228
1260
8162
3757
5527
8069
7314
3427
4741
6447
7131
1213
1930
8048
4053
41
1816
1023
2859
1235
6980
1871
3169
1003
4694
4827
6457
453
2211
5162
4525
7438
6421
4494
3002
3756
4371
2124
7182
920
379
6121
2133
2308
5977
6185
2348
7793
7208
5206
835
5995
7077
4003
6998
3579
637
5263
4032
2847
2232
364
2093
461
4858
5094
4216
1036
7217
3206
1955
7595
1135
4087
1711
7111
2080
4058
6712
1095
1072
7546
7090
8149
3356
5896
3535
3993
2967
7566
6840
5199
7930
740
5659
4595
5833
1683
5630
4858
4889
7585
4261
6024
3480
5971
4943
5560
1836
3462
6654
2908
2815
5552
2864
6171
3256
6399
1971
6222
5773
619
3228
5510
1358
695
1913
7191
2377
7542
3857
7266
6935
8117
5097
2223
5895
1847
7782
7731
5309
6244
2447
8123
3603
5311
6102
6858
3517
8072
4888
1098
499
8115
6607
1857
618
327
856
2995
7869
4712
2068
6612
4637
7165
642
2340
820
231
1879
6128
6474
4325
6059
1885
1443
3968
551
4960
3848
5438
6057
4346
5361
4472
6202
5978
4799
7058
780
4476
3578
2848
2895
22
1820
3536
2361
2640
3767
4240
575
2049
372
6633
3933
1815
2409
4483
6774
6256
1729
4638
2409
7089
917
419
4874
5716
7476
5654
1999
2861
309
4893
2883
2129
237
5244
4768
4003
1291
5343
6052
1662
3784
1792
3476
6192
6275
2058
4255
8003
6695
6664
6900
7612
7082
3582
5136
6366
1043
7134
1034
1352
3834
3917
3481
4071
968
56
8074
2258
5399
5933
3920
991
7725
7396
7182
5807
1261
3245
5618
7956
1716
4325
7376
606
7907
4319
6971
757
3260
8005
2109
7094
3729
5589
2972
4696
5645
2853
6954
2852
594
2681
3842
126
1884
2832
5932
3145
6077
3358
2909
7793
7683
2092
206
7397
6411
7177
8154
1478
6990
2070
380
2527
7659
3352
7223
5111
6204
5984
7962
6798
473
3612
6923
2357
6444
4663
5501
4328
8020
218
3928
7510
2309
4134
6714
527
3118
6675
2005
1916
553
2385
4442
19
5736
3472
5130
3748
1264
4900
2353
1736
320
1083
4093
6763
5745
1402
2898
5573
1619
6825
4890
3927
2767
3412
4454
5884
1895
6459
7800
2448
651
4050
2467
6387
7522
7596
1942
593
4304
4294
2329
4623
5376
6421
3193
2929
7822
6090
309
1248
4723
5199
5175
7489
419
1437
5181
2314
7896
4788
4761
355
645
7227
6741
8166
6631
490
567
2742
4783
2895
7364
1967
1124
2364
4896
754
262
5205
2001
4985
2211
7176
4281
2630
421
1269
4943
124
6057
1511
478
6702
545
7218
6676
7176
7707
7242
1725
4298
1945
896
6265
3069
3260
2968
3822
3522
8172
5823
314
2191
4807
4594
4820
5227
5863
1570
5350
3728
3081
5828
2238
3626
4853
721
2609
4368
7963
4333
474
1716
5229
6738
4784
297
1514
413
3818
1494
6236
4131
3684
2850
533
312
8076
6396
1882
5234
1931
4962
2869
4169
395
7722
4889
3003
3897
4660
7336
4371
6375
4372
2916
2967
4668
4430
3380
294
5923
1423
4425
1415
4272
4958
1726
4156
3161
3608
1197
5092
377
4066
1068
771
3595
5957
3774
7492
2424
2917
3670
606
7289
6585
3573
3765
2823
6952
4058
554
182
291
1968
4453
5248
3694
417
216
7301
1613
5308
7677
5678
6375
256
1081
4140
4030
380
6563
6946
4049
7169
6043
2442
2549
1615
5264
1308
5673
5817
1489
5963
7785
5942
3018
3286
6359
3234
2395
7972
349
1880
5457
6724
2135
6538
2672
6164
6917
1042
4918
2773
19
2769
5215
2568
4383
2286
3875
1864
8103
5364
7826
7695
3114
2652
2789
1281
5885
5184
1060
6234
7063
6517
4766
1005
4862
7438
7169
3586
288
3895
6359
306
6663
3381
2874
2854
5667
6749
4717
5578
3921
4351
5081
7034
7002
7870
123
4695
4861
1182
2737
3731
7698
7503
4736
4367
6748
3713
7953
7035
7607
6119
7341
6078
1308
2022
740
6975
578
5456
4360
4498
1614
1249
3340
424
926
3462
5118
5786
4643
7854
1324
4148
7165
6059
323
5720
1579
83
4562
994
6202
3711
7071
7510
5732
7811
6292
6309
5074
2460
2614
6688
3708
5954
7111
4633
1223
4037
2226
5865
3699
3549
1821
2671
1416
2143
199
2994
2225
4761
3987
235
279
2866
7744
6010
2484
5844
4126
7558
111
6740
6054
3819
4501
4973
259
5724
817
2485
3396
4516
6034
5216
7186
7449
7359
7384
2251
1391
3952
6238
1626
4231
912
1177
2048
3395
7020
6174
2761
7131
4722
622
2757
1031
5594
3016
6754
6411
5500
1957
2734
3341
7173
1728
2598
6339
920
4848
7730
4872
2893
1163
910
3804
2340
2957
7199
1167
939
1768
106
5660
2389
2862
6691
7983
5877
5252
6202
3185
7209
743
6526
6190
2470
931
4336
3390
5778
3874
69
479
5037
978
4283
7376
3935
3290
351
4873
5057
456
2341
7446
3318
839
7237
1003
6091
5246
4187
5107
5988
2520
3104
266
3451
7440
3655
1037
3121
3724
1516
8158
4701
5798
7341
443
895
7691
5316
5952
8147
7657
5205
3272
304
4249
4274
6394
1303
269
3309
7290
2789
6412
7556
6239
5659
3019
7276
588
6742
599
553
3251
6396
7894
3694
7291
7392
817
5050
7347
282
2063
2426
586
6312
6700
6979
7614
6968
2096
6712
1564
315
6076
7803
5974
902
6886
6562
7644
7484
7115
2702
5688
6816
6395
4787
6016
7212
1644
5170
7494
3707
7596
8079
1826
6103
6866
1248
4878
769
7960
6441
1083
5843
6051
7057
6745
4744
5426
6196
4036
4349
705
1531
2972
7100
6317
796
6119
7961
5965
5420
3476
5369
5306
5302
3279
3979
6549
8156
4748
6316
6405
5831
3966
4264
4695
2519
816
1929
522
4851
6277
1227
6382
1057
134
4507
1853
6252
4275
7818
3480
7751
4994
594
4860
80
4573
3217
44
1128
1340
6448
6958
5306
2520
3461
7824
3335
5389
154
8186
3474
1380
6375
4531
1513
2689
6383
7765
6964
6008
3052
6523
2809
3646
3190
2889
26
6406
2932
1153
7746
1187
8111
4860
3706
3379
4492
7041
575
4645
7034
4049
6025
5217
387
7537
7906
6770
7110
6677
4585
1970
5008
7394
5615
5
2090
5640
6411
5021
6793
5965
6208
6711
2632
1722
1897
7124
570
2472
3576
7604
6520
1409
4628
6907
754
4341
5484
7863
2826
1877
1640
7833
1078
7255
7838
3167
4702
6056
8187
3302
3828
6203
1821
6460
7924
3717
5391
301
6188
775
7905
4516
2183
4340
3231
2936
488
522
2607
3314
2399
4247
2954
3476
3309
2600
6643
8011
463
6637
3120
4291
4648
4941
2559
4379
465
7950
4680
6653
532
4392
2977
2715
539
6207
5651
1027
6729
65
4341
935
4312
7295
4410
7620
1702
2860
7438
2165
1305
2366
6455
5952
7306
822
2139
7771
579
6818
6231
1110
3018
1016
3825
3557
7222
1283
4583
5758
1348
732
6692
5660
8026
2910
5087
1535
5770
4333
3699
7074
6699
1962
4834
5813
2783
6972
5391
3362
5598
3430
4472
423
4445
104
3979
3474
1387
370
1040
2735
1101
7731
202
935
2449
5289
2469
26
1429
6168
7100
8128
8130
3742
5748
2721
2522
2946
6082
8119
6376
2361
350
2629
2464
4328
6103
3851
4698
7142
6585
5799
6681
6787
6733
937
3883
1009
962
5312
7177
8062
5247
7114
3611
2802
1642
6132
5748
7724
6059
3932
1892
6408
6560
4356
2544
4470
14
7241
3419
6599
4847
1907
5193
3387
2844
883
4396
3806
6194
3380
3675
3248
2302
7286
6050
3943
5225
3606
3474
3091
7537
5366
1307
5904
1529
3850
2181
1543
2898
5600
8141
7745
7507
5141
2939
2158
6023
7334
5963
4025
2522
1445
7273
4823
538
5130
574
5763
543
4048
662
8079
1221
1968
5791
2750
5818
7971
4292
523
5379
4240
75
4693
1188
3014
6850
7211
2156
4620
3043
4677
6065
2123
1308
6603
7253
1881
4174
7796
5928
4835
7683
7149
6803
5281
1706
4428
5060
5997
4951
2246
2045
5026
6938
3232
8039
5595
2250
2002
2023
5293
6678
8088
7416
7986
6499
6476
1674
2480
6080
7602
7315
5570
6559
5925
2658
72
2161
7717
6069
7111
1770
8113
3944
516
3153
3790
6110
5403
5792
8133
2503
4278
8028
1727
4071
6334
11
5744
622
6090
5154
7936
3467
3520
5669
6124
3592
7829
5649
1468
6748
7419
1389
2499
7934
4541
6289
5852
1751
3889
5792
4254
8166
5628
5980
4044
3770
5990
1596
4391
3888
6749
4134
7354
2077
1610
5286
5668
1247
2743
7136
7994
1969
333
2301
1710
4873
398
7561
6624
4286
5160
2685
4259
2596
473
110
6365
6463
1705
2563
2158
262
6697
1320
2339
115
6605
8006
1361
1155
6950
1162
3124
7282
3462
4833
3963
3859
4201
2394
8144
1169
5079
4211
3764
5551
4320
1937
3821
6025
4500
5979
6287
3004
7298
433
3118
5711
247
4478
6866
7196
5640
1797
6286
909
6629
2056
4767
2638
4449
4719
3807
1335
737
7571
6886
5057
1315
2514
2890
5814
301
984
626
7599
1416
3743
5117
1662
29
3790
666
5668
5587
6951
6576
4024
814
3151
6661
5263
7870
2275
6597
415
1653
5290
5471
2968
7804
168
589
8104
1151
1214
7511
2567
4957
4435
4229
4986
33
4894
2461
5619
3653
845
1450
4467
3996
8111
1537
3673
2194
8133
4087
3846
5231
1366
6813
4842
1533
7402
4754
2684
424
4072
5251
5381
315
1287
2174
347
6181
4634
5966
1642
5478
7416
6108
1282
7334
7644
4955
1335
7584
849
5181
4623
2215
3802
1272
3747
3012
6026
6431
3435
1906
3489
623
2220
4775
2796
2567
2764
7430
340
4405
4716
7755
2320
5997
6897
1771
2759
40
1163
3608
5221
5785
5822
830
7057
1377
3841
4891
7807
7276
6796
3103
7898
823
7878
2502
3389
2450
1739
3729
6854
6454
3292
982
4259
1996
2753
7017
2036
3916
2432
7256
1509
62
8086
373
1438
3735
5263
1053
2818
3867
4156
2524
4689
3841
5026
8078
6291
6764
3614
4953
5026
6905
5934
1092
709
494
8109
2744
4410
2349
1808
5918
2410
1701
6290
3848
5435
3361
4900
61
7227
863
2584
3724
4704
7609
3609
2802
6181
7222
7754
3014
5935
5495
4106
6643
5989
4022
1194
2206
6371
3002
8124
588
4702
6221
4435
1944
1390
1142
2005
424
2005
4588
4148
6708
4005
7756
1317
1993
6785
879
5007
4528
6374
920
2978
4170
4942
4172
6376
3121
7173
6307
3708
3682
4336
8143
5626
5726
1093
7630
6149
3097
4026
2104
1612
8030
1668
2929
1830
261
3807
6837
4788
1988
7757
7765
6158
4507
3744
4342
7627
2725
2457
3142
6406
6792
3093
3840
4325
4185
3278
2282
7281
7303
4386
701
7140
6053
3629
778
6314
7435
7614
2909
1231
7179
2481
7388
3493
6225
3537
2927
757
5993
6069
7163
4593
969
2811
726
5153
6088
3007
4241
5199
7393
4941
4147
5254
378
4925
3375
7813
4347
6284
851
3333
573
47
6825
6797
3583
1559
7554
1384
7627
6525
5976
403
1143
6702
5555
7231
1517
1604
4237
717
6545
192
5971
6923
5116
1154
6543
1270
7437
7394
4602
8009
7440
3235
6614
2831
4793
5976
4214
4228
4308
1998
4631
5451
507
1994
4490
2023
3597
535
2740
1950
726
518
680
5841
1671
7223
7111
915
6424
3520
732
5672
6754
7345
310
3355
5129
4523
7583
1244
6521
4021
6695
7028
6014
2992
858
1419
3526
3598
3368
4252
4115
4048
1901
5786
3079
819
6701
1310
4339
7432
6981
2901
6585
7290
6256
3521
3621
5646
4765
1950
1474
3268
785
7487
6259
1643
713
1593
5240
4081
5845
1163
8129
7745
6948
3015
371
5457
4325
4710
4697
3113
7610
3090
2211
5673
6610
5832
3126
3183
7781
4600
6450
374
3894
4517
2016
4607
6109
7256
496
3761
226
433
3314
7174
3447
3685
4438
7771
202
943
2692
7812
4032
4903
5293
2450
2542
226
5632
2131
4826
3890
2504
528
214
4520
5134
6323
3583
5630
1892
3809
6062
5205
2790
1317
697
7228
896
899
8170
3588
518
4009
298
5810
6458
2839
6036
3898
4970
2669
7787
7474
3196
8000
3801
138
6130
7384
5768
8021
3000
3638
5033
5790
4954
5730
4825
5850
6628
4803
1245
7146
620
1542
4763
7077
4381
2607
2783
1158
5276
2377
440
279
2184
4240
417
122
3432
6184
8143
6431
1629
4984
4028
6583
2521
661
4240
957
5463
5485
8102
6082
7026
4673
4967
3215
7280
7749
4372
4363
1934
4811
4642
4117
859
5058
4239
4290
3049
4189
2529
4678
980
6557
3069
3501
7217
7309
4457
4488
4601
4367
2378
3434
847
7345
6648
8127
6902
2828
4297
643
7639
746
4760
306
5803
806
4596
660
4994
7124
5338
5974
5488
214
1282
4513
7523
5738
809
3931
1912
3186
7365
2759
2339
5821
2693
1048
457
6990
1690
8095
7735
6449
209
5346
7255
4804
6006
4056
3736
3151
1837
1031
3365
3119
5544
2695
664
6352
6625
2576
1346
5798
5335
3684
3426
8027
4731
3882
6825
6421
3785
6367
4678
3994
3520
3740
605
1334
7796
4340
4484
1441
5371
7849
4559
2722
2351
5222
882
784
7798
2227
6581
4940
5911
1815
4775
2449
5696
3407
678
1289
1581
5355
5282
5101
902
5887
6434
505
2035
2726
1945
7405
2382
6503
1935
4733
3533
2816
5517
3139
5043
3906
8078
2761
5720
4661
5210
3224
8067
5887
4512
1456
3050
1602
6557
3952
7488
4799
4456
1330
7525
6401
543
1715
4712
2478
6447
53
5293
3772
3191
2144
7677
3077
4904
5204
7737
1922
236
7612
7809
4747
875
2666
6349
7432
6617
5645
4038
2881
6974
3370
1090
7517
5084
5802
1802
3339
5854
7095
7110
853
1046
6594
3929
5950
3606
3474
7871
3841
2893
7488
396
3768
1961
6745
3007
386
4197
7044
3267
2979
2222
4356
2303
7306
1966
4104
2453
7819
3007
1370
480
4053
7964
4409
1810
3378
7882
1489
7219
2583
784
7615
6350
2745
6167
1164
3130
2171
16
6397
5149
2238
2561
7452
1351
4526
3364
3804
4153
6370
5173
4632
2230
4945
848
4040
131
538
5529
7350
3120
6312
6772
1277
865
4746
2441
3995
6917
2456
2199
3874
4694
4759
3133
6045
1092
6496
1656
5244
4674
6829
1683
6904
3582
2531
2751
3712
3068
87
2869
6188
6399
1448
7464
7264
6194
1713
3066
4919
4169
5264
600
670
1830
3733
6714
2922
2037
177
8165
6710
7006
1656
5421
2395
4187
8172
6106
7254
67
783
5250
6466
2231
4522
5537
233
6234
410
5151
2211
5674
5751
2880
7504
1291
1402
2233
3327
1579
2206
1845
392
3861
7266
2786
8047
7245
700
7109
7312
1482
4167
5585
3713
496
2930
3945
6729
3339
903
747
821
6654
3627
132
7945
5029
2365
3079
6607
4570
4924
6998
238
3997
1592
93
3050
2292
7202
2169
3774
3176
7753
7486
3671
2490
3238
2208
5829
4141
2955
6649
2602
6582
6781
2354
3418
953
5433
1832
5522
2165
638
5760
6161
2230
5853
1019
4521
4862
3187
102
8038
2748
7588
3517
5237
2633
5724
2874
6774
487
1331
1184
7069
8111
3538
2294
872
779
4126
6393
2943
4764
3961
912
6994
1621
1930
3323
6483
5117
3424
6328
7864
2820
1652
4908
5453
7376
7782
4034
7863
920
5218
6739
839
563
840
1710
1341
4966
8103
4284
1537
3871
5195
339
5492
7125
3661
3782
4049
7085
1917
3720
1712
3569
436
7164
2752
25
3006
2422
945
31
968
1783
593
1808
3492
1934
6773
3402
6218
118
7273
3221
456
4573
2153
4116
162
6202
3008
2079
1730
4720
5647
2166
3691
206
2190
6696
2628
3134
6726
3596
4917
7319
5403
216
1061
3984
3618
7278
4101
2699
2307
4557
7271
4460
481
7433
2469
3489
1319
4199
16
6965
6364
3706
7171
362
2210
1607
3496
743
5202
220
8062
2413
435
931
6396
4053
16
2305
6752
2323
6861
5830
6782
7342
5070
1058
2638
6389
5257
2653
5162
3428
6358
4141
3789
375
5747
7284
1118
2756
7503
988
5168
7938
1918
3372
3799
1934
5676
2358
4256
4345
8187
2845
3494
5065
3903
6131
3261
967
591
230
4395
6949
4371
8183
7324
1925
7275
249
4681
6586
1237
1657
6332
3154
5028
1938
5087
2511
4295
1151
6855
4290
3995
2156
1163
7898
95
4424
673
685
4654
5067
7633
832
5058
6764
2756
4140
7013
7437
2533
57
901
672
3211
5928
2610
106
247
6905
1256
7102
3002
5251
1066
4165
4957
1160
396
5629
1844
5050
2503
1285
5881
7560
8049
445
3508
6870
7881
6040
6927
589
6712
1945
6517
1130
2050
6763
8034
3306
5673
2843
364
6738
7008
5320
7897
7403
2757
1548
4261
5259
2832
1949
4627
2689
2394
8134
1366
2082
5982
100
2671
4502
2044
995
5631
4094
7758
5472
7399
5238
123
7763
3783
7130
4891
3488
6341
7647
5035
2409
4714
7867
4358
1149
2364
6751
1091
3729
641
7073
3828
3311
3382
5872
4306
821
1774
3872
6293
981
917
6415
551
4700
5353
5442
8188
3502
4897
5030
5911
1419
4705
2077
2567
7068
635
3657
2605
1276
2537
6432
4586
5919
4112
700
6740
5885
4571
4840
6865
5488
3063
7415
1995
223
4665
1991
3725
1369
7021
1444
2788
3533
3520
5354
2409
4154
819
5013
5430
3356
3253
1823
1082
7364
2522
7822
5056
7092
4469
3728
4387
7531
2951
6382
7754
7615
180
3287
792
7201
4730
3579
2541
57
741
4950
4211
1559
1771
1448
4915
5023
3271
5997
4194
5792
5626
1057
4692
1902
4785
887
1241
7735
7269
803
7158
7449
4089
7950
6457
626
3337
806
683
4077
5755
4893
5636
7525
6341
2358
4356
1419
163
357
7211
5788
1414
3711
7689
6199
4597
738
5741
3674
1540
4707
2930
5628
4465
1195
6254
7802
2000
6936
3687
7755
3636
1130
7088
1785
3488
3251
3203
3650
3608
2221
1246
5021
5931
742
3028
2336
1480
577
6009
3019
5283
747
454
1556
1942
6708
1165
3941
5451
4851
3504
895
5981
2400
2679
1277
5650
5881
4926
1066
8102
6171
6087
5841
6913
922
8176
200
1498
5993
3219
6781
6739
3672
144
489
2187
1308
4430
7638
6159
7933
340
3947
2141
3018
5223
7791
707
1957
664
617
8128
6750
6457
6849
7671
6440
7048
977
4241
2074
7757
2788
5746
7900
3276
7933
1016
7705
7378
7175
7446
7718
2929
1394
2544
8152
992
3251
1916
1655
3867
1851
213
2131
507
7884
378
7555
668
4619
1437
233
7406
7183
8133
2489
6923
956
2001
6109
8131
1254
5635
2867
2647
8178
2826
3638
3236
4742
5293
7102
6592
5505
1040
7099
5197
1418
6462
5864
6037
7898
6096
5250
6889
6036
7738
5619
6992
1547
3536
6930
2800
979
1605
5447
964
4431
893
4200
980
6185
3110
7572
3498
4150
6479
502
5568
4748
6366
3412
4454
4270
469
3150
2114
14
577
913
1560
4112
7843
4360
5090
1256
1615
6054
5686
2507
2062
6666
500
5171
6045
3998
1128
4331
4500
6695
886
2673
1914
5339
6943
2382
297
864
2396
873
1777
3956
4984
1427
124
1882
2683
1738
7936
176
4244
1805
6841
4744
6975
4694
549
8103
832
5048
6605
1718
7721
326
7057
6471
2708
7353
7334
5104
33
918
867
5017
2345
990
6899
5028
2727
6642
5203
6971
255
3852
3522
7230
353
4071
7140
1185
927
5552
2903
456
5878
1768
6926
394
928
6068
5497
961
6986
6363
5977
1139
7353
4684
6166
1887
3134
3177
666
3388
7029
4188
2425
7381
66
1372
374
993
6924
3277
1448
4610
5044
182
5003
5971
6250
2308
6932
5043
478
4717
6182
7831
1208
4155
1525
4341
7332
2191
7729
6168
6378
1961
5357
6444
3333
5731
7436
2065
815
691
6674
5858
873
3485
3637
7122
5792
2376
3972
6270
7092
1962
5908
107
6117
7433
4448
5256
1431
3984
3231
7808
5945
396
6059
1085
6126
5303
3150
6940
5993
1632
4605
6866
5116
50
5795
2716
2425
1575
794
1324
3536
6702
1431
1460
5942
5878
6715
7373
1669
1754
6989
7613
2149
4855
506
83
1966
3655
7023
7959
5286
3436
6632
2210
3485
4234
4926
5909
5808
5719
7233
1151
4229
471
2611
1978
6349
1133
1159
8017
2887
8147
7438
5036
4810
7944
5119
6775
3407
3949
6541
501
7384
4980
2711
2676
1022
7636
392
6830
5163
7624
7980
1199
8095
2399
3177
6251
3532
4335
6076
6418
4289
5322
3262
907
5073
188
7681
288
4136
6030
788
3327
2818
3499
6003
3839
2942
6394
2476
8105
5826
2264
1111
5728
4662
4288
3787
2
430
1670
6419
4719
6991
1489
5625
3872
1676
5114
4159
5812
2952
4947
947
5769
253
6949
1415
3194
5150
3891
3107
2784
6155
4217
320
2624
312
4106
2625
742
5775
852
5460
4573
2341
2893
252
4016
8007
4411
1636
2766
1165
2582
342
1417
1338
1757
4611
6488
5648
7717
1079
3610
3742
1399
6234
4054
5504
667
4795
3087
1519
2063
7660
3859
4956
7912
7875
4770
4130
1318
7536
5294
3899
7878
6711
5237
1443
3130
3532
7090
2654
4611
2508
6395
6009
549
2256
3320
1216
7051
6406
2734
921
5873
6592
5877
5592
6275
2455
1530
7592
1798
6824
3299
1484
5342
343
2926
279
3874
1824
2933
293
4331
1136
6301
4880
3392
1428
6095
2250
7834
636
3171
5515
7228
855
2915
5310
3310
4444
4710
5108
3075
8008
6591
225
159
1325
503
4032
3149
3435
4325
7479
4571
2433
4167
7962
3861
2069
2019
3502
2705
5190
825
1741
6045
3739
7050
1162
8182
3567
6269
3065
3383
4668
3289
3541
5992
3792
7573
948
7227
3705
235
3605
6137
4401
3374
1805
6470
5393
5307
983
2390
6131
2723
242
1677
1581
1404
1667
5147
7672
4731
338
4148
8019
3878
1947
3618
3258
2895
2653
6962
3129
6257
4907
7530
1438
6711
5808
6830
3826
6790
1028
1764
1321
1269
3440
2901
2673
5107
8048
2152
1645
193
6299
1472
4071
54
5090
7328
2948
7742
6098
6077
5807
2812
5415
