2048
1589
313
1403
170
2008
1174
278
66
922
1469
1672
1057
1035
1159
1679
1522
267
39
1283
1646
284
1537
1332
1368
224
1525
1467
1354
695
906
612
235
1219
2015
404
1179
1140
682
1244
13
103
868
1069
1137
2026
700
610
245
739
1892
1890
1023
1381
1173
342
1605
649
1809
911
1344
667
1522
1578
1885
1489
1982
1015
580
615
211
592
718
1078
1661
1854
1055
313
416
1300
1051
260
1141
26
1640
266
367
1197
915
128
59
210
794
1581
1788
630
1021
1722
1644
1600
289
1855
144
1006
884
1804
811
1939
68
1227
1190
1119
1486
283
1144
1078
549
1511
226
1463
1638
285
1673
383
1865
1413
1013
837
1086
609
388
1374
415
532
331
1298
287
1142
1189
355
321
331
1474
1806
613
570
835
1161
32
1061
576
1670
1345
200
5
1161
1612
1017
1998
650
1625
338
2023
2040
869
306
1290
1156
1447
430
1510
1767
760
936
1525
1372
1505
312
485
1537
1372
1060
1158
669
1260
1162
1830
824
131
1779
1473
1756
68
1447
1747
937
1752
988
44
1151
1418
1554
870
129
441
347
1501
1945
658
1986
1433
2030
997
543
651
208
1705
432
1031
1835
163
456
1543
231
1902
1241
1167
1606
181
1210
709
1599
715
1579
1727
1155
1925
1180
1052
535
1117
437
517
66
979
1167
274
635
1599
1305
422
1761
1760
1964
1991
1614
1157
1109
1171
1337
271
1880
888
985
1410
566
92
1287
1746
1144
1821
815
1580
290
881
511
1456
1154
1146
1007
410
1567
719
122
1483
662
1735
591
1771
858
1928
2041
690
767
978
51
1333
1070
1338
1031
165
1111
1846
1745
1400
678
207
808
1831
1353
1814
193
872
485
315
306
1146
1
897
868
859
777
861
1548
1543
1839
1599
828
860
889
1859
1025
1999
1656
721
1351
285
928
110
68
232
1924
260
1103
360
574
1409
1505
575
257
325
1434
1034
1186
933
528
976
484
1356
1836
1372
1166
812
1323
773
1532
625
1058
412
735
1125
644
610
1384
1747
970
1958
1107
427
485
1364
752
1918
349
1937
803
877
865
1286
185
652
610
1350
1463
1932
75
947
509
1132
1358
1244
209
2001
1854
1593
1699
775
1502
758
1202
1987
74
1953
1856
422
1841
611
1299
658
1897
1483
1309
458
785
723
342
860
1670
851
1992
979
46
152
932
1899
1744
583
626
1198
1341
1827
1136
1414
1732
944
1836
1525
1554
1086
134
1402
521
1442
1860
1305
117
153
116
1786
1003
59
717
1049
210
1648
900
1954
182
1526
1103
1522
1305
190
888
988
1133
675
464
639
1760
597
2040
232
2039
1851
1537
107
2004
1653
1893
959
1711
561
2007
1921
161
858
1826
343
336
881
1865
1640
1070
704
579
155
1378
1043
793
1090
1639
785
1322
1630
587
811
1737
543
415
1581
1501
78
94
1459
1998
254
269
1776
596
604
608
412
196
1678
1116
774
1832
446
1817
577
1535
1407
1361
809
989
1948
1619
677
442
2034
209
1942
63
302
1353
13
556
1622
1788
1151
178
348
1563
373
2025
630
1147
1809
1075
915
337
562
274
1698
1371
1262
1597
942
1939
2039
927
100
1933
989
401
1237
1001
957
811
741
59
989
1089
1622
1361
1065
204
460
826
1279
1375
1162
1841
1648
811
1163
862
360
56
752
350
983
851
235
1972
1252
1472
925
161
234
1665
219
1222
705
1841
535
1770
2044
994
547
1274
320
1709
1066
1968
472
181
782
831
237
1534
1181
1219
337
1415
1143
1589
839
19
1749
1072
1684
1968
246
340
1760
780
62
1756
1774
608
982
46
269
2048
2014
740
180
747
1571
417
233
704
1635
570
71
729
110
909
748
1859
1981
383
1778
178
722
1490
958
784
1197
683
1392
131
728
1660
130
694
351
310
1440
1922
726
1673
577
313
194
648
1042
304
1556
1789
114
1488
123
1892
1666
845
1333
575
1628
482
1257
971
612
1985
583
742
630
934
1051
22
807
1776
1695
1384
41
1888
2032
1082
144
1539
822
257
979
945
100
597
1789
1433
1171
1369
1914
380
292
478
317
874
1219
946
1807
221
968
566
1997
614
1950
2037
454
1933
1071
597
1424
1893
854
355
789
954
951
530
338
74
1898
203
453
141
680
770
1015
1898
1716
774
71
635
1339
20
1249
1241
8
1703
1125
1079
252
501
923
1105
855
1711
11
1806
193
348
1879
42
551
284
183
1230
1053
1198
1080
720
1971
1151
1355
1262
1170
556
454
1178
211
1579
208
462
31
1130
1567
886
793
1577
643
985
1925
474
1027
427
758
1210
1656
1811
359
688
483
281
1838
1837
1542
960
345
1996
89
555
1527
297
1017
1557
1427
535
395
172
64
1038
1156
1988
1511
135
366
221
1344
2022
2031
1702
661
465
1982
451
254
1476
1411
599
1424
1500
1153
902
1796
121
411
1175
656
805
1346
720
1843
454
659
1305
588
1024
1526
1931
998
1508
1585
1658
1973
1519
61
178
946
1471
776
322
922
1929
1223
670
2
1633
1844
658
390
1141
1377
184
1594
2035
1489
134
1011
966
16
2008
426
1600
1618
350
1070
1679
528
2016
1101
1304
289
2023
1184
1512
644
1186
1097
440
1843
1487
1580
1171
1670
1126
1158
1111
1259
121
29
1275
81
454
827
1698
804
1897
1329
1331
1864
381
586
105
356
1770
1617
1000
907
665
1439
702
103
971
1872
1773
48
982
836
1307
1102
864
533
1183
1318
1359
832
73
1207
112
1404
1023
493
1989
1128
849
1710
697
1848
569
1361
1239
1270
1464
161
1094
1189
209
28
2025
1515
1130
841
2048
264
110
1359
1096
183
517
1208
1586
1540
1701
1527
620
501
1189
1316
301
1758
629
1539
979
45
1700
25
1234
1908
52
1210
1375
1182
2
1374
1445
112
684
492
295
1201
1700
1881
693
1352
1359
1313
1853
500
581
105
209
1210
1644
1188
1254
1295
1212
440
1155
1264
1649
481
397
1651
1855
1842
1762
491
286
8
1691
1985
1888
336
1288
1199
1648
1092
1698
181
1197
1907
1390
792
1046
595
38
209
1034
1192
1473
635
1673
1870
237
1479
1663
1999
1969
1948
2007
1612
1884
1847
1948
1124
997
1548
168
647
1728
1364
505
1069
108
1551
1663
146
1760
649
1337
1184
1284
962
1005
1520
393
620
1471
314
519
1429
1925
355
1227
1825
1479
176
1324
1646
823
1003
962
1328
23
1070
830
1686
1215
541
287
504
1724
1570
1465
681
1042
1857
1300
464
122
1819
1893
2047
125
1072
1823
1603
1248
1099
1201
22
53
115
1349
76
1184
131
1761
351
671
2047
854
346
1569
270
1027
563
79
278
1026
201
49
871
199
173
1942
2022
1776
1142
1073
929
1164
1125
1043
465
1200
179
595
913
529
1265
912
1382
1611
432
1652
589
994
1730
867
2020
1931
915
843
81
1088
737
55
815
1878
1127
1744
993
204
738
1457
1404
917
3
268
1446
1268
1180
780
830
1612
383
1419
558
65
238
530
1995
1152
1372
28
192
60
83
1007
1937
1210
702
882
1414
1440
291
769
308
293
1037
1754
1560
169
485
342
1780
868
1760
289
933
1997
819
879
1101
142
907
1292
201
990
250
90
151
951
972
1565
343
1262
286
650
1555
1322
355
1066
1491
840
1408
1222
1707
1120
1511
591
1068
281
1470
121
422
329
1413
623
1318
1663
713
1469
566
1684
985
908
897
1270
1557
403
544
1912
1469
2034
703
829
1208
361
1948
671
952
967
951
373
1088
1373
701
452
1996
2019
66
660
1440
631
296
376
1538
1193
1646
1047
1595
142
911
1016
128
1613
1844
1336
1974
1743
2006
877
662
908
1250
1749
233
1951
153
180
1921
219
839
1312
849
1135
1688
339
279
1286
1386
1874
1427
248
842
1555
1860
637
842
1786
332
799
614
994
1707
1864
695
1939
1766
847
70
1639
1065
909
903
1914
2043
542
205
274
1828
1590
99
1206
1838
940
713
1649
1577
1554
1386
1908
305
2000
854
2011
1815
1548
1901
1533
347
1971
1123
1412
832
2025
1278
826
519
1482
1099
298
1024
1198
1504
813
89
168
414
1665
1722
1800
1525
2026
1752
330
1988
1518
1878
1841
1003
176
1763
77
1588
547
53
817
1372
572
251
423
869
1274
1620
324
39
1709
491
452
1326
165
204
802
142
1955
1132
82
1425
961
1922
379
1137
1637
456
676
135
508
1493
1507
1080
1743
1930
1948
969
1502
223
1007
1163
714
1459
440
879
1663
1241
1020
1569
325
1102
946
1285
975
1324
373
564
1779
1049
699
239
493
158
1318
188
40
1218
1156
1541
1440
115
655
106
1573
1095
984
1187
287
2004
708
611
1057
1653
1896
2032
929
221
548
659
1269
1247
898
1762
1404
168
1949
1444
1385
1057
937
777
1171
1592
882
696
638
1866
1883
925
1822
543
1535
830
147
1383
814
1075
1603
1361
1734
824
559
584
538
1963
751
439
1358
87
1495
247
864
618
1838
1746
1313
427
1563
1148
1351
1337
1690
838
118
1837
172
931
864
1775
244
549
550
802
1133
1088
717
1883
1526
27
1970
973
273
785
1590
62
483
855
489
2045
2002
1839
1334
1643
629
1451
1431
800
334
246
527
577
795
1076
1379
1927
116
47
1762
1641
74
1684
565
346
421
107
408
903
961
896
900
914
687
185
509
1315
1636
1939
67
1970
137
593
499
932
1669
1877
811
1785
1924
524
1377
1997
160
1942
295
581
2048
702
1484
960
1598
335
1873
237
520
334
1552
108
224
1619
29
361
164
528
1292
1833
356
54
1569
232
578
897
181
738
790
475
1318
790
1177
753
1749
727
1088
1574
963
1608
1907
467
1716
83
37
1744
444
200
223
1735
2032
579
1789
1552
811
318
401
991
1056
1191
1466
325
1980
595
1078
1681
1321
118
1206
236
1725
1065
702
1392
1148
739
1088
1591
939
1311
1278
922
1890
1018
426
652
1336
826
1642
343
2017
1059
668
1948
1653
1745
1580
926
1863
738
1162
1540
1803
1863
884
902
554
1971
444
1492
1234
1722
366
1075
691
791
1727
2027
1617
1320
321
1585
331
988
1484
1984
685
1016
862
500
1754
2023
2039
1508
1837
874
362
343
797
806
1834
2030
479
152
1057
1169
942
735
1147
510
7
1468
47
338
408
1531
274
1093
498
1135
1592
204
1109
1582
1711
898
408
25
1240
1204
830
1026
1186
1308
1177
195
429
71
930
1576
580
936
996
627
1274
1403
109
1547
447
607
633
2039
810
1741
1573
473
590
1980
497
1830
1136
1326
807
273
586
1983
467
1015
5
1396
542
585
284
1537
1212
1558
892
1320
1056
1338
1926
1688
1329
688
1381
853
1160
1970
784
1657
1751
1919
935
510
144
1520
445
611
487
450
2007
1028
1034
242
517
197
1799
1408
1517
807
698
1395
447
2026
34
1827
831
1193
1749
1614
802
1452
1485
1736
1961
1628
1208
358
190
1694
807
148
673
1841
390
1190
2038
141
550
1506
948
1247
852
1394
1225
885
1172
7
30
873
1621
831
276
1057
518
189
637
1726
546
827
1371
1352
975
2044
1144
1364
1185
1133
1505
1734
590
404
