1024
711
455
243
669
225
358
527
437
352
52
97
829
901
1011
534
292
185
368
450
875
700
806
396
144
437
106
615
991
112
890
164
822
321
406
467
546
763
994
982
91
22
55
920
922
41
430
189
226
798
638
76
473
419
471
617
856
577
208
823
689
74
986
487
394
367
954
939
106
923
897
197
944
951
92
841
992
522
5
193
295
643
269
767
38
740
359
893
292
567
692
981
640
654
444
9
1020
373
948
102
271
821
299
191
748
390
8
715
911
12
908
181
655
152
948
692
891
283
561
159
849
229
116
464
882
559
473
878
932
396
980
179
193
254
369
940
643
376
631
530
388
514
711
19
666
635
711
533
917
248
692
742
476
808
181
333
343
654
187
250
26
142
428
218
395
797
133
14
149
764
544
537
253
231
555
919
865
242
428
758
489
95
475
964
902
656
273
220
285
460
470
310
601
897
528
996
670
660
1009
818
400
528
331
652
758
885
547
599
103
974
332
591
45
807
531
947
438
803
143
723
239
612
9
839
485
536
810
130
172
795
948
571
299
254
199
33
115
745
631
217
695
963
808
739
745
314
662
158
93
804
881
331
391
889
146
876
400
956
1006
571
726
929
117
1
159
316
33
274
36
664
491
731
602
274
446
322
587
83
480
680
886
336
1010
253
200
131
104
600
62
85
146
788
1014
263
788
148
578
820
422
614
460
912
320
37
162
766
358
749
848
838
404
710
149
389
962
349
520
42
948
582
126
70
346
115
332
109
263
910
929
685
500
364
573
820
401
734
561
759
458
384
572
861
70
721
226
7
45
746
48
993
304
174
38
649
289
370
758
551
256
663
212
755
3
784
550
403
493
87
137
951
471
709
788
540
405
1014
547
450
736
594
419
15
767
456
664
32
826
397
583
57
36
794
812
38
553
338
440
22
424
577
972
895
262
735
410
666
724
956
92
435
526
510
450
269
966
89
300
768
486
882
824
521
651
612
558
180
949
998
201
349
551
148
219
812
883
628
454
583
560
545
1018
61
31
443
329
997
532
628
740
1017
486
540
514
112
127
48
291
52
22
491
400
572
639
618
360
498
222
813
56
781
334
49
842
365
492
147
338
1024
775
53
1017
236
593
506
348
720
554
638
772
575
105
147
123
744
765
482
217
987
271
273
744
605
322
561
970
813
708
283
813
458
336
805
693
929
286
17
624
840
655
371
390
759
518
513
479
259
994
696
221
241
968
964
846
265
501
792
54
184
50
866
641
386
646
310
290
932
326
914
747
980
261
112
715
779
624
169
13
594
865
233
835
808
172
657
48
672
424
102
856
474
967
472
860
588
782
126
496
83
16
218
39
276
330
753
30
954
922
42
524
762
274
335
546
446
992
594
94
391
695
949
865
638
397
701
202
154
826
697
237
841
915
275
93
220
4
123
150
926
164
674
663
438
1008
185
884
975
778
978
342
449
902
183
62
275
883
263
428
685
960
664
502
850
939
594
46
942
717
196
843
881
869
482
295
853
667
154
804
420
107
121
869
1009
304
930
259
163
169
687
847
104
326
325
954
241
919
999
158
611
170
1001
467
15
458
761
867
100
915
646
520
1021
767
365
1006
47
270
241
209
439
927
32
543
229
356
472
469
250
447
626
861
617
603
303
631
36
39
474
136
953
95
656
950
862
1020
932
908
266
148
92
705
50
124
223
278
479
695
747
729
117
348
565
734
950
867
341
986
906
814
98
835
909
753
761
746
749
669
629
1014
816
721
694
866
844
917
120
299
587
866
3
704
190
568
414
116
411
754
78
292
543
175
103
427
928
864
148
653
508
777
643
300
473
313
142
293
205
262
591
792
104
594
472
293
137
885
409
547
614
487
839
133
661
942
560
565
781
708
194
265
460
836
564
933
124
706
201
329
967
792
97
46
361
568
339
497
428
748
20
18
210
858
151
871
775
710
411
531
394
605
796
854
416
335
762
540
16
963
868
983
730
964
4
66
508
342
563
936
65
582
954
275
415
80
121
166
790
532
697
160
112
468
1013
527
802
750
43
818
689
911
776
394
851
780
460
334
98
1023
245
163
580
174
437
995
254
557
136
20
64
832
179
175
275
167
702
53
917
744
871
581
630
623
975
456
378
410
790
475
408
10
637
988
184
49
958
438
605
70
457
669
902
635
843
152
802
520
205
694
240
51
250
870
673
201
302
26
610
67
501
1018
76
114
982
260
162
915
697
767
985
130
411
862
764
230
1013
542
750
194
211
990
244
461
835
917
661
112
943
247
178
420
241
254
533
198
513
694
89
186
437
49
315
848
910
55
54
899
596
803
68
807
768
312
244
579
204
905
690
123
128
867
542
368
97
50
565
610
744
654
