16384
14487
2662
6061
11762
10312
3256
13817
13839
5898
16354
4335
11699
5314
14547
11411
9618
1453
11797
5832
4397
3553
5939
14577
1825
11835
13676
14020
7605
8904
3260
2050
7007
5922
8110
2385
16233
11366
16201
13687
879
16171
1637
12577
5100
16184
7604
14718
1253
3016
4165
5649
6568
10103
3841
8393
5554
1133
6029
13158
10037
9288
15207
660
15209
6933
3045
15058
1914
2862
12361
2792
2648
13997
15369
7748
13797
6588
6081
15049
9603
10246
4314
16171
3965
8155
8180
9518
9288
14208
6291
2940
7111
5114
3600
5936
12046
6644
4609
13960
9506
585
367
12153
14582
15736
3517
11995
5940
9597
10660
15543
3458
14973
15329
7422
6744
7125
556
16031
4948
6847
2587
12059
11960
6186
1610
7622
12830
6219
5198
5951
6803
5564
1720
5001
4916
5236
611
10855
14833
11271
10013
1906
9860
8958
9328
219
16082
9884
16249
4645
346
2451
319
12306
8637
1929
3544
5083
8147
8741
11034
14950
14304
12753
3566
2836
1604
4177
13690
53
15448
7319
1959
8923
16276
11286
9141
15973
4785
9005
4234
5131
11456
4553
1052
3709
6481
4595
8791
14627
13335
3441
13193
11255
16193
374
14090
1413
4551
11396
1465
3614
2330
3423
12536
2221
14709
5293
1810
3110
14297
6043
8240
9369
10596
9291
13078
692
13885
5485
15319
10836
8925
12127
5706
8734
12501
3412
10146
668
14807
11611
4281
752
15034
433
2973
13358
5725
4782
83
3638
10825
8323
13007
5036
1230
9700
5728
15114
15184
4663
9566
7725
406
15272
74
12906
2299
10219
13573
722
5446
1470
1473
4095
1903
4445
1069
7628
9227
1152
11266
3667
9474
7888
8703
10703
1204
14431
9433
4
2709
2614
7728
3114
1501
7801
16020
3800
1636
13209
4521
7082
14679
5994
11176
198
10439
12244
7825
3281
13395
2707
6948
6484
10594
15651
803
11798
13697
10235
11801
22
12849
3145
3136
14350
10945
2772
1765
12581
15980
6286
3278
14275
12279
14454
14472
6333
10313
5913
9614
7324
8619
177
13808
2829
15828
14610
14626
13141
8461
10042
13162
4925
13186
16298
2890
7747
2685
4655
3944
2281
10941
7222
172
6835
5291
14643
13168
15604
4172
6397
6543
12791
6574
3966
15619
6018
2192
13860
2774
10652
7518
15936
15576
4320
15849
2082
12067
2150
6737
16011
4431
1293
6848
4602
8127
12139
2861
4911
11358
7032
11308
1517
3438
1498
5482
2673
7515
7674
149
10288
1941
7667
9839
1133
11987
9304
3215
7669
11453
9951
7296
15883
11243
14143
4101
2986
9897
6961
7896
4871
13993
2820
6387
1047
4317
11869
3719
11831
3158
3868
5735
5099
11534
15574
6231
7136
8493
9445
14805
3562
3011
5716
3061
14254
3475
7161
855
13372
14122
8751
1858
11730
11570
8244
12776
15886
3729
111
11333
6886
3979
683
11984
15512
16256
1831
6264
8365
11275
4684
11926
14286
10400
14987
12155
13874
5763
13010
10861
3500
5376
12719
15230
562
4579
11622
64
8307
11733
11396
15192
15711
12079
10792
14838
11951
12622
4717
3931
7512
9401
15857
5414
3416
14459
1184
906
3838
14193
11767
7338
3185
8101
6183
3746
12679
1421
3810
4601
13153
15206
3409
12479
10900
14200
10933
6467
10438
15650
10398
1566
8667
9870
6979
12082
7945
8162
12988
11783
5971
8370
2736
9156
86
8919
12902
12764
10340
327
981
7108
15532
4389
3203
10048
2205
14136
130
12642
13401
10527
14207
5683
4013
4801
1381
11958
12963
14368
7356
2550
6353
10092
11705
6439
2626
8223
2818
12966
8549
3799
3689
7697
8188
6892
1360
10392
4643
1489
6650
1660
12016
4472
7343
16029
9273
8723
11602
5852
6707
2573
8402
13059
12665
3723
3114
15290
11945
5931
11871
4109
9730
15560
11805
1533
6068
13165
11924
10710
14653
2190
12370
10285
6661
3328
9929
15934
12050
5147
5402
2373
7720
13803
15432
4000
1141
2161
2905
13085
8092
14776
810
1437
13952
12614
2969
3635
9394
14893
14345
7663
698
10330
1564
7359
13657
11493
6909
9323
255
12310
11695
7974
9728
10742
11973
10868
12902
14878
7568
4609
13270
8378
6046
10837
4607
9014
14472
14001
7523
12432
5280
8221
6377
6844
15579
3650
1952
6103
12973
2206
2029
8283
10179
11756
2641
5767
6240
15543
4261
13808
3767
1146
5801
9812
11982
10408
2442
10070
8024
9965
6117
13304
1801
12494
3763
995
16144
5714
7098
12732
7919
9126
4631
1714
4498
7271
7481
10737
6429
11741
8160
10196
12886
13961
3624
8484
7984
6066
2169
16007
16030
8286
12927
1446
4396
306
2441
4155
6019
9539
502
13938
2281
5133
15652
6779
12403
6748
1131
2448
2104
9291
12644
14990
6867
16268
7089
14850
5950
9258
14473
5595
1159
11016
7041
5554
11321
9482
9709
955
2637
10210
14893
4917
15343
14160
11696
11361
4523
12826
13809
6627
5733
10069
5233
12600
9952
12321
11066
15901
5195
9154
5112
6354
3786
12153
11908
15106
5251
5232
16061
7887
15442
14569
12804
14400
12345
8115
9377
484
4557
6801
7110
10289
486
12342
6505
10438
8279
1186
9955
13474
10340
15066
3443
14125
10835
15350
12847
16085
4197
12523
7588
3255
10708
4007
1270
6668
12121
10646
7152
293
1063
14262
10582
1548
10220
702
11986
2114
1888
5556
15588
12227
4238
2646
9967
15072
1612
6429
14773
5809
2568
5976
9063
13275
9982
10332
3559
5719
4594
10711
6012
5657
8588
210
7205
2423
911
2806
4537
2798
8361
3740
15025
12598
6386
8607
11285
7997
15036
9674
13805
1220
15649
6483
14495
9247
431
1669
14966
5024
12380
4593
10680
4583
4802
1500
7006
5713
4305
11542
8510
12665
15281
7151
8879
5282
15757
3780
13279
14409
13453
10699
15628
12718
797
13738
5580
1228
15407
4161
6251
11402
8754
547
15985
13555
2047
6606
2883
6352
1763
11393
2633
660
2159
11511
5942
1532
15290
2836
15941
12358
13534
15184
8692
14331
12538
14271
15559
11560
2048
5425
6578
10801
5972
6178
7972
8018
12784
10854
14369
14546
5863
617
15206
8022
12128
4763
9554
11033
7599
9110
7007
4749
7909
15698
2696
4062
13585
1870
15622
15632
7295
5816
10049
13266
11994
1636
4900
8393
12490
2885
6554
1968
3501
5376
9990
15629
10138
3159
10278
1352
12268
900
6101
3793
214
8796
7855
13798
10665
7092
13046
1575
12908
6711
14840
8517
8346
3356
525
4451
6240
7079
6419
9741
12454
24
8985
6207
3182
2878
7559
15450
3778
13659
2858
3991
6070
10712
1405
351
1420
14451
1925
14327
4777
381
6459
13122
3736
6983
1189
9975
14061
7607
3331
10130
7631
12315
16337
10813
15193
7512
9878
2586
4787
12736
6577
10857
7063
7981
11207
8483
6048
13132
6425
10824
13512
12884
7562
863
3482
8751
10838
1159
16358
14168
11289
7604
10099
11242
2033
8907
2370
11911
11492
7156
8262
1684
1629
15325
9665
12836
7423
15713
9583
13847
10152
6710
10347
1330
7573
13829
10081
2026
14987
10054
16194
9892
1274
9908
4750
3306
2431
7119
15217
13923
14275
7094
15606
15904
6034
8887
12355
13457
8215
5553
10920
1983
12263
4882
3313
3451
2326
13393
5477
929
7063
5286
10821
8336
15194
15570
11642
1240
6305
10474
15162
4195
1184
14384
3714
7218
6886
16068
4290
15101
5237
15209
700
1115
3706
4013
4566
6032
1021
10042
6960
8083
15327
1396
35
14137
582
11676
15376
6886
5766
14153
11081
6949
12152
14794
14166
2654
14478
2071
1371
3331
896
2071
4445
4601
6083
9011
10633
7103
2668
1208
15186
1611
2604
15220
15747
3185
10512
14738
10070
16277
12507
4766
6841
8275
3176
4623
10929
1270
6694
12299
4600
7589
14369
9045
12190
4067
1671
6438
11170
4339
7646
9972
5949
10249
8807
5312
13434
2935
3666
7119
2827
16172
11885
9668
8063
15061
14291
2607
16331
4600
14906
4547
12188
12890
13592
7994
573
15262
14431
11743
3217
5693
5330
9166
15941
14137
14477
12990
688
1759
3725
3514
1547
15610
13182
9609
14286
11088
12215
14233
15688
10736
2395
11492
7242
15986
3101
7815
14864
1148
3174
1696
6840
8504
10861
6397
6257
8954
3003
6944
10712
6728
10458
12258
5953
7255
5482
3855
1959
1313
1703
1263
12049
4097
12754
2907
3699
15855
10721
2178
619
13894
3873
7458
6014
14734
13855
12270
7303
474
2829
1631
7201
13286
13889
13153
4157
2987
624
6116
4299
2327
7379
16348
6423
3748
2870
10121
3219
13590
12299
3837
11100
16171
11295
730
14521
8766
12999
5440
9239
15827
7070
55
12729
4575
13208
502
7561
13831
6617
11859
16157
13996
11823
6196
1359
14692
16317
4578
11898
12231
8414
6614
12018
3325
7343
10155
12090
3957
15594
4944
3400
6280
4999
16129
10854
1822
246
2030
15653
6863
13889
15426
4474
9327
5238
5833
7634
5170
10410
3148
1017
2440
9761
13035
5765
719
6805
1470
4676
6015
6414
8075
12294
11412
7819
6763
13234
8065
8793
12502
14927
6297
11543
3016
15624
396
8849
6874
5566
2875
10021
6583
5314
3398
3233
11078
4116
10038
12548
8792
16052
2577
483
11961
13989
8301
2340
10838
16366
11133
6956
14908
1045
2115
1540
285
2511
10388
7158
8076
13262
795
14658
2192
4192
1507
13270
8308
11544
9433
715
11211
12010
1197
6788
9614
9498
9128
4068
9479
3876
11023
8003
4921
13137
9543
5205
15647
3547
12363
7339
425
13157
5613
2616
965
7120
15886
9272
2279
8935
9987
13490
4560
11183
3894
14174
4297
13022
1858
13776
513
12880
5394
5433
9633
14937
10638
8896
2099
6616
16235
2523
3389
5463
5139
4353
12582
4641
13625
14861
13575
7227
11967
1751
2026
15861
15924
6323
12498
1398
3714
13011
14277
9108
2060
7526
7660
12697
37
9759
2929
16271
12281
6318
5350
1036
10671
1548
5676
7911
25
2867
15138
11992
4617
780
11468
4157
7102
7582
5554
10815
4208
3447
3538
6267
10972
11198
2580
11008
4572
5509
10895
469
11826
16244
1505
6113
1408
7181
14023
1432
10047
12777
13423
14664
13556
8507
2436
4273
16088
7990
15087
3911
11436
2241
10178
6023
13439
12758
647
1626
1882
11542
2095
13708
11402
3599
3436
12809
10779
1075
14241
4442
13851
11279
2721
11023
3401
5156
15295
3105
13145
13998
7016
8196
16239
810
14219
13293
13567
14866
14918
15448
10023
629
12772
5040
4227
16207
1464
15005
898
15704
3062
14748
10599
5783
9387
14000
10938
8297
720
7699
5911
7736
15895
5766
8545
13729
2674
5727
12210
1208
4791
5849
1836
1178
10888
6062
1001
12352
4683
1898
11671
7745
262
5886
13527
9648
3501
8081
1561
4221
15780
7472
11956
15290
13237
4116
12635
15910
9843
8461
734
14633
14309
2569
15811
8812
8631
428
4779
13313
2326
66
4674
2587
5951
1817
12235
9452
9897
13796
13672
9292
4883
9244
8198
1736
13360
4448
1262
6818
12908
1995
5067
10833
4564
4494
3260
13194
4921
8039
10123
7246
8104
14796
9833
14055
229
5684
7122
10126
3095
4410
3033
7978
13654
11231
9713
10629
15678
10974
1063
12202
12969
6129
6650
1148
10623
9910
14341
15543
1564
8080
6405
9668
6492
16237
7339
6720
5536
14461
461
8631
2487
3494
224
16140
14724
9937
10384
14018
4527
11446
9835
1111
1191
101
2258
11813
10010
215
10972
11574
8294
992
4858
14785
845
12197
5120
6381
10273
5581
15011
12759
9074
15235
12515
7413
8787
6515
5047
13314
1577
14881
14424
2767
14982
298
14580
8608
512
9167
3797
8805
10159
8655
7206
11003
4467
12325
1000
14740
1521
16011
11115
10595
14861
7245
1624
7264
13760
6670
4193
15336
5167
2232
1719
3764
2529
16298
12371
3041
9081
16168
11846
2856
8439
2667
13859
12906
14991
14858
11261
128
14484
5992
10722
12960
13237
12345
3840
10612
2631
8032
9563
7797
10264
11281
11560
12793
11195
7547
15833
3891
7331
11295
6746
15769
13961
4220
12290
12568
2694
7167
12695
793
13158
7033
13753
10010
2994
1209
4237
5624
9240
13800
13421
3120
8697
8597
15913
3507
16143
15362
7398
7089
10272
14144
6473
7848
1980
2379
4031
4673
9545
342
5466
6318
7374
2834
16328
10368
4042
4181
15992
13282
1596
13028
18
10292
5240
15930
13799
4999
14907
4812
12087
8795
2571
2176
258
4551
4554
4289
9223
14099
4630
14688
4032
12004
1138
3976
5987
5180
8156
5595
2078
9751
2238
2095
3659
7478
1641
1073
12476
164
5885
8179
8958
8456
10354
9216
13006
14908
13504
5844
12622
1749
4148
270
13753
5286
4245
3355
10465
12401
8950
12543
5768
11188
14637
9426
2281
16278
10499
14757
57
16383
6551
9015
8454
521
1846
5075
15429
15350
10919
11667
715
15067
11936
14467
3968
16181
1438
14432
12197
10387
10591
1581
5190
8843
11006
7470
8737
5121
5843
8793
5120
12394
1424
13573
12914
3270
2264
11958
2235
13183
7240
2949
11865
2792
1032
15832
2589
2469
13880
14785
12855
8086
16365
1661
545
10987
9130
9281
16108
14973
1690
4843
10982
3114
2031
7511
6383
4295
3085
8618
1093
10325
11567
12958
13117
12598
12406
15705
15066
9901
14106
11537
1603
14087
13197
2148
8690
5943
11429
8413
4531
13119
13255
15512
16232
15286
6639
6230
3196
9724
14848
4289
3665
10030
862
397
6243
13268
16101
4925
6785
13823
78
8387
11525
13274
10535
3830
2833
5579
12242
7364
2313
9113
6492
2160
8014
13130
8390
11209
6470
6853
15498
10134
499
16360
10530
6742
13243
10247
11666
3643
7685
11744
12030
2825
8633
6180
6655
11466
11759
2513
2445
14072
11625
8936
16232
3254
5682
8237
14462
12151
15090
13576
5900
15589
13551
46
5946
10410
10292
1227
14052
1592
12970
9698
4417
5219
15878
11071
301
11252
13583
2745
8939
8823
11681
8786
12076
978
639
10154
13129
15729
7346
2645
14933
4512
2690
4495
14921
12981
5721
12589
14573
2307
5902
2606
7526
5395
13676
7827
263
10875
10572
9202
3314
5868
1604
15389
6846
2243
9159
3590
1587
120
6235
136
4632
8924
4631
3169
5521
10352
15757
3710
12658
5275
6315
3800
10670
3606
11626
10932
14481
5813
3750
1410
11681
5353
415
2143
7595
9574
5733
9182
9693
11967
9318
14325
4506
13948
1109
10027
7915
481
13736
4189
5756
3666
7989
41
7272
3231
10973
5368
9044
14723
6778
4340
3691
7192
6483
11286
381
12215
4084
10074
7797
13401
8014
12303
10965
9122
5945
2496
9603
3297
6684
15359
6963
14673
15399
14234
1519
9988
3218
10563
8326
9995
14903
12017
803
5001
6919
1183
831
11002
11256
8628
8018
2886
4546
2599
12007
10491
5094
5226
13787
11778
4200
4365
10067
3215
2215
11585
13203
5433
5764
5145
15428
4282
778
16230
9282
7696
1028
10113
2313
12284
2356
10331
15170
6901
12929
10793
1007
1639
16018
14794
13417
3834
2775
7099
7048
4990
2299
3867
10422
8063
9011
9465
12344
9788
9310
5241
1099
10338
15353
3412
6238
1325
13742
5023
8225
10287
15815
9232
11925
15449
7642
8957
2898
10416
16055
9946
15406
1970
13812
9443
10032
6438
2524
5992
16226
11834
11232
941
5787
10201
4352
12025
11526
1709
664
3366
11995
95
12598
7536
15543
3855
109
2057
14271
16163
12002
13292
1749
9430
6351
11781
15868
8874
1388
15709
4323
12620
265
10110
6437
4617
5751
1578
6325
6414
4944
1936
6509
1157
9471
5668
5012
9579
7724
2898
9358
3342
16190
11107
12771
6156
6503
12254
15029
7891
11579
2968
4126
11843
13077
10562
75
2444
12140
6400
8858
699
8335
15366
1855
1422
4649
6866
11001
12373
9764
3974
15715
9569
15080
12101
15724
5199
7971
14369
13089
3165
952
831
15008
14029
11393
15083
88
7148
5098
8945
7846
13433
7927
9701
14855
12576
183
9471
8564
9946
13444
7894
3130
12140
3611
2470
955
11581
454
14044
14745
1405
14874
13369
15434
9882
12067
15522
646
781
8082
8491
14213
16009
1808
12683
12200
1990
5769
4379
11936
2829
12273
15066
14969
15883
1151
15923
11079
1604
13583
9440
3009
12072
6424
2059
5570
2106
1196
6215
2886
9277
14706
715
8901
130
13398
4717
2119
2782
9095
14055
5611
4984
12736
4196
4482
13886
3735
15561
15490
933
8617
2115
13004
15040
4173
2190
762
5368
8404
3648
14645
6726
4363
7162
6855
1376
11878
8974
4158
4589
6644
9769
9572
2995
13964
14053
497
1314
13230
15986
2246
5462
1716
15250
4118
5889
1055
4879
11256
9459
8527
9516
16184
12889
294
6654
14265
12171
15627
2038
376
5886
11806
9947
8881
9385
7616
9377
10699
4461
8978
12945
9923
10694
11810
14040
198
12865
2535
11454
5939
11061
4586
5738
7566
4879
12392
5446
666
11635
7484
1041
1136
2906
10987
10017
12291
2219
3009
6605
6680
11987
3165
218
6297
14975
14257
6495
11455
407
1564
1010
11468
6149
6748
2650
11028
2755
8096
11693
14389
15579
12733
15525
2101
7336
9158
14391
9555
12166
4612
16234
7769
7776
67
14065
6367
14324
4175
1437
14731
5739
2447
9814
11887
9194
12464
6531
11949
4175
1839
9954
3370
14572
9094
5470
5524
1868
3477
15078
14034
8088
14927
5418
15864
14994
3099
5846
12933
7274
7283
11279
13012
9729
4709
8515
2538
788
15045
14486
4963
500
8055
8332
15071
765
13802
4211
2632
894
2904
281
8982
1446
5699
8461
55
8798
14306
12988
16071
5204
7882
12699
14932
12590
4830
1086
13378
3491
15571
1956
3990
7242
10288
2677
8007
7706
6887
10638
8600
9790
10919
1197
11236
234
9657
11291
9031
7579
7894
8718
12782
15776
5032
11330
11982
9862
12416
8975
13352
11603
10930
958
2460
4834
3634
10467
12539
10520
4720
4754
3926
15639
5950
15162
15873
15607
10069
8519
6801
1578
852
3199
970
5884
14529
12951
15745
10560
5541
12712
5779
87
13669
8239
4920
919
2321
1074
11439
7041
5828
15364
6296
11778
14142
5784
11000
7826
14302
1417
9404
15154
4615
10373
4653
2760
6940
4014
13320
12480
341
2714
12566
14010
10952
1102
14928
13273
2176
9982
3929
8003
8962
10224
3396
6719
16007
14396
14545
13925
15812
7564
12695
4043
1553
963
6802
8492
4977
3737
4588
5317
6451
770
2943
1019
1871
1486
14291
4046
11468
1835
12049
4045
12059
15445
10764
11682
13456
8924
9223
12884
104
5533
542
1656
6496
7343
10148
11472
11080
14735
405
1146
15504
3347
2164
991
4832
70
5036
16299
1905
701
3960
13963
16145
14723
9261
13217
7262
2099
9716
7366
7632
10257
9021
14127
1216
2785
9215
12295
1135
9619
13440
254
12965
15603
1244
1413
15672
6280
1327
1193
6981
5286
15156
6742
3625
8032
3574
10887
10131
13290
1868
1378
7163
10889
15504
8378
13673
8334
4288
14807
1569
1344
15061
14533
562
16305
15945
16234
6201
888
1042
13181
6173
16198
3539
9798
7845
7113
4300
1591
4018
6167
2968
11181
671
2088
3174
14343
10422
7462
12766
11990
8805
11443
10138
9367
11363
9699
9217
1180
10586
10259
14361
375
10072
1515
10172
1532
8627
14471
3123
12645
4254
6091
7441
4925
8178
10615
2884
2215
1693
15649
14205
10498
10708
7959
3481
5686
1273
12697
6866
11858
6571
4842
12232
259
6357
6020
1791
14984
4107
4913
11244
8361
11003
2301
13285
2796
12916
16168
5011
14608
15433
2832
8722
9756
10790
12202
15442
12062
8514
5923
7536
15085
10765
3384
15343
737
9403
749
15720
13510
5662
10580
5486
280
12881
2386
3076
9413
2170
8087
7636
1218
10918
16358
10973
5323
12175
10030
1001
4305
15953
8537
3005
10333
11920
1964
11070
4939
2713
10406
2064
8374
4602
7550
8654
1098
9936
11729
10511
12105
3432
1762
13322
14349
1736
7911
3288
13910
1557
4289
1830
1126
12825
4835
11458
8360
6798
6144
13299
9510
165
15362
1500
4767
6528
10153
5865
79
5498
16375
12183
8929
1753
9121
6894
3488
648
10181
1013
2204
14470
2842
3329
10910
7677
14787
2886
14474
4546
16184
7600
4711
15162
9099
9477
5305
2868
15342
5384
8365
15332
1182
910
700
10302
7803
4187
10950
1600
5200
13153
16069
8042
98
10595
15718
14884
13481
13807
3046
13280
5023
7757
12058
14122
850
979
606
16191
6362
8970
15138
7543
9880
15837
1461
1298
3640
12410
2898
8839
9179
2583
497
9276
13177
16214
7776
10274
13637
10821
7170
2275
2194
2843
13
3043
3822
618
2849
10183
9588
1602
1342
3083
1055
2803
4381
4695
15213
7278
13534
8008
9861
14030
899
6654
13859
8675
543
11111
3112
7712
13386
5305
10555
13398
8347
14376
14015
11195
8174
7218
12797
9516
10301
13852
12318
14681
2162
11147
5575
15695
2770
15435
13341
3669
5704
10815
12343
6246
5542
15454
13958
2543
4375
8128
15941
12721
6119
13571
7532
14293
4405
3944
7424
14705
1411
3358
13002
3573
14504
2192
2884
890
1243
16224
4558
6946
10654
516
13192
16196
15970
10765
2354
3960
2509
1910
296
8627
15481
7828
6536
3501
11771
13959
1822
13182
933
14823
370
15437
631
3254
16326
1873
3093
4499
8819
13747
5015
5627
13558
4600
8
15912
8560
2516
1437
8856
11143
534
299
1294
4034
12069
15253
5856
8867
16185
4295
9237
15238
4925
12490
15179
6798
15583
3294
15617
12945
8308
4859
10119
12908
4866
9646
5083
7382
11083
13938
2141
11616
14237
3435
15650
9921
2303
5122
2404
2104
9416
11640
957
14340
7746
16136
4754
6944
3045
3986
3505
11353
8844
13623
7876
13710
6884
12959
4708
1583
10513
6848
13198
8365
10282
12464
1902
12585
1201
4305
14688
10616
15945
15645
8572
7306
15396
13325
14250
2057
926
1370
13409
9770
14992
4901
7095
5492
1475
11803
7074
11987
2266
3888
3967
12548
16351
5869
8748
1168
10173
7052
11784
9734
6312
3971
655
5324
912
14905
7381
1837
16274
4405
11606
14881
9305
2317
3988
10780
14119
11062
6382
1
14949
10349
12549
14916
16217
4912
16084
10006
11964
11483
3356
1891
15453
4011
7215
16364
2531
14595
1817
2420
2616
13423
916
11921
15740
4904
6316
13475
15966
12697
13475
14531
6662
9639
13062
6495
14551
12762
117
10130
7860
3472
12021
6929
7482
2852
6909
10012
1063
8726
12431
3678
5764
13347
15599
5119
1867
5530
2209
1449
1843
15684
15979
8504
8939
12657
14999
7105
9034
15115
851
509
2202
12871
7438
9684
15723
14346
3311
401
6687
15742
4079
12451
12705
3293
1185
14572
8823
3394
16020
10665
2693
15614
2785
11632
11887
1399
2352
4536
130
3203
5045
2331
16074
12482
12014
15412
10444
15325
15813
747
14683
3507
13197
11004
6800
14382
9191
15622
1391
8827
9903
4084
8057
12687
15715
3559
14086
1683
8094
14215
4886
13139
161
4575
9236
12175
3603
3296
11116
3031
4042
9414
6538
855
4033
13337
15236
13224
12575
243
5666
6093
4327
13723
2395
3658
897
96
5341
8991
14311
10226
5745
14471
14801
14981
10262
2019
1893
4994
5049
5934
14407
11587
6789
2056
8540
5640
15280
4730
5883
4561
10823
10209
1900
13218
13866
2796
13314
2823
11787
11240
13048
1148
9327
11464
16129
3204
13483
1637
8197
2148
7571
6220
13734
14359
8276
5889
3615
7171
10619
9497
11732
5057
3322
13631
1891
804
43
15204
3626
11829
10059
290
12976
3001
11754
12721
6205
8852
14357
14401
10999
5544
4237
8349
3518
12512
14238
7132
3298
8472
245
15029
13529
3566
12275
15420
4369
12317
14239
7994
7762
7913
8284
4354
10913
3653
690
733
12504
15047
15134
7118
4206
2986
15467
7724
15498
13320
14856
2411
5408
15100
1056
2553
2281
13330
1588
6650
9263
15826
14644
641
7355
6543
4994
1883
10195
5684
2616
6315
4346
1366
13433
8552
4352
12515
16275
3465
9450
14746
5875
14858
13462
6930
1026
15743
3876
2613
6008
13139
2055
4268
13779
9409
10810
2389
11292
4621
8073
13908
10935
12419
15273
7983
4586
3241
4114
4477
6705
13563
2839
12580
12037
16300
3126
13062
15658
7001
15675
5282
3756
1345
9550
1151
10753
3975
3540
5660
8596
11612
3183
3147
7646
2072
11129
12231
5312
15243
324
12017
12421
3162
8212
8073
3077
11337
4751
2351
1954
4041
7633
5709
5385
798
6860
16138
4773
10399
5414
13369
5627
8597
131
13272
10668
11260
9119
15980
10118
9442
11612
6155
12604
3439
14228
15681
14776
2594
1647
345
6635
9280
6054
12020
10078
12913
11773
14850
6928
803
11835
12554
9399
11965
9442
3683
6841
2176
3278
574
11618
14890
6728
7837
1944
4572
7133
335
7165
8780
680
13800
1675
6733
9435
11753
3262
4824
10219
10190
5626
5669
6360
15024
1250
15801
2322
8090
1593
5600
8663
13210
4105
15391
4662
6049
3579
11795
6383
10744
4190
7063
8159
5865
13796
1209
1233
674
6032
11452
10863
11657
736
839
10297
1985
255
12619
10074
1847
1834
2353
15057
5938
1360
3334
11986
4938
15129
1985
15681
2934
9048
7456
8799
6459
8664
10032
7132
14696
5099
1611
9969
5834
2449
3882
7819
2703
116
1509
4550
1949
3862
3222
7887
5221
6556
3489
10159
5300
5474
9456
8234
14521
527
649
4595
9191
10680
11727
7502
15779
13337
1087
5229
15785
4968
13047
2104
5084
14556
6654
7032
2033
9876
14919
7254
47
2023
1028
5347
7497
10483
13581
5633
11009
14229
10227
3816
8525
5569
11317
7920
2522
12404
13148
1923
988
9811
4027
6071
7982
10680
13103
10015
4171
11637
884
4218
13660
1911
9565
4772
12394
6762
10405
7019
4607
4248
10834
13131
9817
5767
4666
12338
1786
1430
14260
2773
11240
1902
8844
2838
12582
5562
12852
369
815
13735
4587
14474
15646
14151
2862
11655
4528
13266
2289
9134
1130
13123
5881
10946
2505
10547
6899
4291
11976
4775
7064
6832
6677
15907
9669
2874
5084
6136
3243
5899
3487
7829
3988
2748
5595
6850
14403
10123
3732
308
2873
4861
13430
8753
15806
15934
2916
6321
3841
14892
11095
10904
5339
1388
10426
15008
4261
15510
4760
7504
5024
8246
15332
9012
10994
4543
15862
9012
14665
3210
9319
1153
8070
6365
9906
7492
5914
12821
13813
9754
11329
8524
4274
284
9911
14699
15291
14172
13825
3667
5291
2464
11913
4238
11476
6522
8780
10953
15534
7061
14162
8469
8213
5848
14833
1735
13339
4362
14555
10768
14116
9499
2907
2005
9783
12817
320
8689
10604
14144
12355
15894
224
7884
3748
11699
14405
12527
6268
13555
3203
4045
5639
11416
9892
4087
13150
6847
8449
11321
1231
6181
4436
4137
8186
14218
569
8505
6523
11173
6265
2494
10683
6489
10377
14430
1803
8397
10573
8070
5568
13776
12115
11206
8807
5623
15292
5573
12470
7357
509
13700
13537
4944
1452
5338
2778
2021
13843
9300
13193
3724
11793
7491
10212
5785
5537
12015
14182
16109
3701
3365
13500
15815
14570
5923
5054
13478
11495
1139
4451
12003
14839
1603
563
16291
6941
3340
1927
4400
12639
15120
8123
8047
6227
1950
13831
11763
13964
11629
11488
1280
14993
8603
711
13179
14525
5764
10273
9635
6903
14723
5254
5357
16326
5816
5263
6882
9155
7190
11282
5409
5926
3020
13456
12153
4970
10903
7531
2550
6147
2635
3830
4756
11238
4540
1550
9378
10304
11823
2629
823
10161
7883
6180
10103
13698
11443
601
6468
2248
11882
11877
8174
14902
8948
3942
3488
3466
11473
6037
9613
14107
9866
14368
8960
14406
15918
1954
8326
11357
4583
9149
5133
12465
15328
15236
9778
10386
15836
16246
12634
11333
11738
4423
9851
4302
8364
13338
7768
3453
2990
996
1175
12856
15364
10135
10878
14898
12088
2820
9870
286
11968
15003
12750
10911
13854
6144
4912
13305
6005
1162
8254
1359
5584
1720
5661
13948
15057
13428
1016
1662
14424
2191
14518
13403
12325
9011
11917
8028
11831
5402
8314
7414
4020
4680
1941
1489
10824
6853
14794
445
8014
6663
1803
13598
8383
7464
11161
7055
4507
12177
8717
2547
14367
6850
15950
10307
15861
11482
1951
11308
499
10265
2337
4519
14944
4278
6008
9383
11130
4417
9827
2759
11080
11630
16356
3078
2709
11133
10132
7216
6925
2465
9763
4908
9315
9328
15215
8792
4425
781
3715
4924
11046
6052
9442
9605
10329
15449
2604
5074
3481
12431
7833
14561
7676
7805
1254
10385
2554
11386
1217
9479
13851
10979
14386
6781
3922
13216
15572
8346
13997
2903
13270
8658
8954
6327
1879
2899
5391
4483
7972
8872
529
15805
7048
8205
7225
8302
2205
9778
3304
3422
2872
770
14400
874
7551
1938
14090
6739
10284
11703
9641
7169
3977
2211
13495
5855
5109
2501
10337
13080
11373
10865
12501
2037
2685
3341
10338
4890
13119
13642
8311
15991
14411
6327
480
5578
8264
14570
12316
2163
9888
5572
9331
13864
7782
6441
3335
12890
8942
13671
9586
3930
8152
5702
5966
10837
9043
16304
15727
5778
13561
7654
5384
11588
13980
5864
781
5859
4049
13096
8022
13937
2284
968
11416
10066
7408
14750
6571
16350
12037
16157
3895
3805
5475
9861
14642
14517
9781
13985
3911
6957
5254
9294
2161
2850
15157
2941
8709
2822
16037
346
374
1936
1313
11790
12001
8721
10156
2188
8686
5809
1961
12581
9613
7436
6057
7871
5569
15837
5472
9479
6410
10725
2388
8570
13574
1161
11511
5899
3982
11163
6244
4356
13099
7556
16145
8716
16276
9916
10904
8578
15724
12865
4774
8953
3916
10831
440
9484
10284
5911
2578
310
252
4965
8879
13826
6126
4006
3340
10107
15169
9583
14463
11884
754
14223
4215
646
7755
15119
9223
7094
11599
13997
16047
15514
8443
102
8613
2343
6013
11191
2652
6264
16156
11531
3705
5897
15536
7044
16004
14321
242
14082
9820
996
11921
14035
1641
3291
12769
10864
10385
7983
8476
10047
7113
535
10149
15726
2877
16161
10532
5528
6040
10304
674
9744
16200
16210
404
15819
14146
645
13517
7581
1640
9053
5231
3281
12344
1616
14144
6344
9599
6236
7
327
6770
10155
16053
9646
9932
10200
15174
15971
4119
15848
9331
3935
15673
9735
3370
13435
10379
502
4632
12019
9555
9863
15300
5514
11478
13060
11857
4692
2911
11864
5019
9680
5634
4687
2942
15565
14887
1731
15152
2622
1194
8099
6556
483
1449
9925
13918
11828
10427
2165
7463
3597
12028
6378
9111
7122
3053
4584
11813
5963
63
448
15643
5696
5135
2200
4877
3637
3931
3645
6259
5125
11744
12814
5607
13193
6355
3141
8636
398
5306
16099
3995
949
6092
13105
8070
9145
1304
3499
15108
1367
3946
14366
7063
9080
182
11939
12717
4112
15584
2591
9237
10944
15405
14843
7752
5376
1600
4
5773
6905
16102
9767
7853
5810
6488
15922
14955
7792
3037
13678
9158
6983
11660
16220
16062
11841
11775
12395
15953
10975
14985
8805
5534
14006
7264
13286
2997
8863
13289
8769
15767
13007
2152
7236
2433
8640
6773
1003
47
9810
14680
9205
408
9956
9040
86
5413
4431
12480
4981
15406
11081
13786
4555
8702
4666
1457
11699
13528
14745
4084
12911
11368
6235
3762
13800
14875
10535
14803
14921
3960
13099
7742
4367
6670
398
4452
12082
4828
548
679
3849
11628
14465
8404
3946
2746
9860
15644
16274
8221
3344
12800
3204
9578
178
620
8069
10712
15422
6605
14672
12136
14347
2655
2422
14744
7107
14504
3187
7654
15182
7036
2898
13262
15439
6844
16008
8915
6104
15897
751
9447
12312
3955
2641
12490
4574
10709
6817
3612
930
5105
15748
15276
7760
1785
13635
14866
16288
437
6136
15086
7473
9033
11964
6527
15876
11587
15442
5595
11099
16192
15041
7027
3762
1297
3132
8336
12005
9949
11947
12935
15053
11311
11826
6428
13095
9076
4910
12999
9513
11045
11700
601
3693
7280
7128
3185
2482
6185
8779
13580
5993
7436
4222
9754
8733
7353
1706
4354
918
13653
904
15970
8579
12729
6014
5290
5421
10923
1904
14933
5583
13604
15534
9276
4499
6277
12460
6980
12462
4855
4176
2070
12291
8398
11824
4639
15751
13529
8993
284
10797
9897
16254
2992
6241
5883
8281
11662
422
10184
10210
6004
7404
9360
15279
11902
15636
11355
2498
11714
16209
6674
13783
12115
15071
9222
370
14437
6367
9362
14721
780
2874
14590
3771
9115
4089
12051
4392
4510
5851
14602
10514
13254
7577
9409
8771
6829
4379
11269
2158
4203
1558
15941
16317
244
8779
303
14681
15145
9664
13018
15925
12537
11223
3311
5268
15312
15361
9659
3438
4827
7877
13951
1696
15454
6975
10467
5898
11353
5351
8056
15556
6908
7612
15489
7152
6
15791
5449
15150
9070
2082
14691
5223
13305
1617
10491
12232
594
3766
15669
5421
11642
13236
7117
10711
3826
1199
225
15179
6550
8280
14351
13458
15891
13455
4225
15896
12861
9673
14662
5547
11755
12968
10770
8675
14585
4876
4523
15178
8641
3807
4214
3899
659
11331
14609
4485
12529
14834
3280
2694
6729
1246
16151
6236
14700
3992
5748
11176
13665
4026
339
9035
610
11108
1325
15194
15983
5847
13988
8240
9654
1818
12138
10313
13148
10363
14797
9292
8812
1692
11986
15540
2937
11753
5392
1253
15745
11139
12429
13025
15164
12767
5675
15773
7490
7000
14582
7089
12847
12186
15329
6116
14003
11082
45
10766
5060
14841
3674
13872
149
15660
13028
3085
11028
2035
4337
10389
13173
381
7029
11953
13148
12704
11341
4254
3319
9539
11342
16165
5340
10286
5897
2958
4984
5941
13724
10044
4397
1013
7531
4545
289
4174
7630
11316
6209
11967
5321
2997
12348
12349
14950
9111
8668
9906
13364
11987
3061
8322
11767
8400
2224
1280
11358
7207
7220
8698
867
11617
9710
8397
16162
9998
12571
7408
4930
2395
2990
10250
5392
15338
6215
3957
8064
14883
13863
5044
10485
539
13366
5868
8939
15589
7147
3912
6412
14367
12609
7278
9599
5935
15674
9377
15933
11861
400
4479
14255
3390
14729
3263
2343
4560
7219
10407
3058
4697
15451
13542
5236
12432
3025
14174
11636
10171
1702
1664
8153
14311
8941
1368
3862
8231
10745
3411
3708
11144
7889
1578
14534
6234
4841
493
10793
12059
10899
13851
372
9965
11008
5608
6013
14033
3397
1264
7819
5098
2928
15972
3025
11868
956
6886
3715
11700
10296
7422
6460
1801
9000
4609
8034
13840
5102
2443
9515
16000
16293
9887
9581
10917
15494
15593
8565
2507
473
16384
7604
3401
15972
10629
15269
543
1130
2599
12243
11426
10021
2319
13226
2636
6928
4876
92
12029
7319
9606
11645
7227
3109
4842
1760
2218
4051
10324
4724
4524
10324
12328
7924
9911
6572
6808
10454
7702
9407
6313
2743
3043
8631
15968
5679
15558
4460
5770
11202
11778
15376
6463
2621
2100
11304
4380
4318
15354
14704
9042
3493
8643
4985
11416
2170
11557
1839
12623
2874
11245
2552
5616
14288
11182
5200
3582
10356
9659
9352
5174
5052
8344
11636
7673
10444
6555
12052
14762
5525
10372
7419
9017
2630
12403
4049
4800
7576
5888
1039
10449
749
3590
16065
15037
14771
4880
2235
8743
14539
11586
13916
3207
3546
9167
10879
13990
15722
6547
12367
4862
534
3402
13879
3164
15805
1544
7963
6996
7432
9001
1061
8180
12590
741
6832
10977
5621
9066
3335
3775
4268
867
6982
7814
10033
1476
5420
9371
8022
1403
14233
8555
4804
11728
11718
4224
13271
3297
11219
4318
12297
12279
12498
8503
13020
2946
3095
2256
12012
6430
6031
16280
7296
13012
7710
945
14488
13129
10315
6125
14531
8164
14680
2950
3507
10014
7174
394
13310
2009
4712
9223
14288
825
1341
10923
3771
4436
13179
15783
10865
2826
15678
1777
15837
7003
2722
13941
3747
13037
3681
1894
4816
1977
4843
8322
11991
12016
8716
8916
14025
13427
1755
11928
14252
3095
6466
1639
7530
3261
1037
2011
6086
330
3787
5539
7332
6508
3095
11079
3161
6776
12972
7976
8753
1431
16298
4359
13447
8629
13275
11087
5672
15029
6630
3539
1739
13096
5178
9269
16356
6214
11279
6058
6543
15066
11596
13875
5190
14691
8570
8350
5082
5158
16326
13835
6588
16239
1809
3650
8484
15084
14737
14155
13728
4982
1310
15467
1694
6487
8351
1665
12700
3246
7723
2859
1928
2934
350
7117
1241
8919
15467
6322
14076
15408
3773
4280
15263
5581
7930
7362
4280
6282
5132
1624
11263
6442
706
12957
12928
9057
14621
9244
12302
5959
12102
14230
8893
12451
4963
10133
4986
4045
71
2677
3069
3843
6957
1947
9424
14886
9308
13704
4783
14440
15328
16046
4497
16033
12618
1041
8706
10855
10284
4624
430
6001
2469
9323
2068
7431
3071
7053
11476
3142
9730
14544
6985
303
106
25
15188
9414
13729
3586
7470
12672
3248
11967
12321
15865
13007
4642
10336
6907
9266
10765
12908
11734
3703
14975
2781
6774
5644
14256
9915
15374
12415
516
15676
12521
540
14479
5551
14268
1681
13021
10556
4928
8603
6492
4409
5226
11134
14744
12132
4015
9124
8655
15749
12827
7246
2145
3216
12889
16
13131
11878
12431
13646
11169
8568
14186
9264
14119
12070
10944
10755
6241
15872
2974
12732
3896
8199
7481
2255
3947
11496
11379
12601
10860
7822
3463
13004
11037
16351
13020
7784
11845
9067
5046
6630
1251
2847
15893
15369
14917
10453
9740
4773
9940
12713
1121
13836
4528
8602
16091
8474
3713
11086
4691
14573
2523
8153
11192
13560
8120
7828
4960
3580
510
10005
10209
1760
12852
9718
745
11384
3787
10484
16157
13727
6813
893
11178
11340
9495
10884
3430
13207
5585
8121
11395
8108
16274
6203
5283
8009
14031
10242
11589
14541
3863
5414
16301
330
15131
661
11714
2533
11145
11486
16260
1573
12379
11053
12913
5489
5553
16343
2311
11138
8079
13706
2861
7968
3525
8144
15977
1172
2002
11181
15712
5864
210
15629
6194
15341
16289
1523
1490
11050
13009
1365
12623
9003
12417
9151
14491
1585
9109
418
12722
804
14124
15583
8772
1265
7342
8364
2436
9344
3160
1764
15208
3370
1008
5017
2326
913
6540
3815
11962
3165
5179
8200
12167
1211
967
10274
2796
10076
10692
15518
10879
8431
14716
3267
9696
5674
11630
12131
15018
14790
13895
13841
1775
14902
2474
4101
15814
9013
7915
11392
12177
13093
3208
7960
14304
4174
1849
715
14249
12540
16233
8744
4587
14565
12010
14282
3855
7256
10029
2488
5661
7539
16328
7436
6057
2417
11536
5487
11430
3066
494
7223
16159
3702
15182
14078
7875
647
14793
5739
13187
14642
14483
1389
12822
10108
15671
292
979
9315
2780
6640
470
2723
14075
6526
5140
9226
12013
186
12292
12507
7408
12066
16208
6206
9760
7698
6852
8169
13437
3654
6426
11535
5043
2863
5259
4330
3154
6237
13645
5934
12876
14114
8656
10567
4256
13796
3409
16269
13982
15701
12391
5006
11382
12214
11211
4758
3528
1679
12926
580
5333
2967
12115
10375
5829
989
14705
8983
7226
11965
14916
3718
9695
7188
14285
13951
4600
1309
13835
2197
625
9842
7203
12007
5671
2029
380
9198
3707
13306
9778
9039
16272
5509
3030
5717
6498
1350
14700
13723
13315
13231
1057
6626
4035
15341
4192
8635
266
1643
10832
890
11484
1650
12897
771
3678
13277
9969
7385
10198
3362
39
10086
8871
3069
15802
15368
4419
14117
12707
1350
10964
13763
7975
14999
12720
12166
7249
12985
13808
1697
13875
8908
3346
10387
9678
7024
7279
3262
14408
1093
6624
14447
11179
15494
1132
10596
14478
5550
8329
10800
6899
2909
8178
14873
1524
4514
10655
8773
1114
8079
10469
14988
602
13814
8990
10280
4453
16269
13541
2477
978
3781
539
12156
2890
1670
6368
983
7220
14696
11783
14118
1221
3577
12607
2744
8090
6878
11516
9203
14956
5601
7806
15558
3031
412
9453
7483
296
6609
9959
1274
10389
10498
13429
13279
12167
3412
14262
3003
1724
9660
736
2944
13236
13343
5688
4942
3836
820
14144
2408
6421
5566
1581
9451
5977
11033
549
6273
1257
10508
7546
11646
4622
4590
8541
405
8002
6418
3407
9725
16078
4143
12669
12930
1101
1973
1487
4937
2793
15631
7344
9213
4812
8924
2279
10788
3572
2827
676
4829
13335
8222
91
1572
12812
8631
1977
4429
15049
5383
14154
14743
9525
10439
11289
10626
12411
12775
15562
15203
12021
6522
8031
448
15445
10309
11236
2633
13136
11912
7462
10087
3749
7552
11659
177
16183
13635
4605
14848
2633
2375
13207
12157
12813
8111
6399
8840
4501
5577
7659
138
12098
15689
586
11159
9614
11821
13792
6366
7348
4869
68
11097
12421
11726
11273
12220
8976
15878
10684
11609
1869
7506
7382
14681
15616
13780
7137
3733
2972
14795
3870
15069
14100
4456
9844
7329
16276
7251
13695
7240
12120
13762
1953
8157
9104
13226
3992
1696
12719
14675
13304
14587
5796
4301
12884
5027
1697
3636
8759
4668
2047
12629
3353
16146
700
13196
7091
592
4063
4401
7832
16182
1779
9785
7954
10882
6626
11946
12578
2960
10237
9497
1163
16032
13798
14047
4675
15494
1298
13434
3777
3345
9679
7130
3106
10378
3942
10197
10970
8004
14597
2417
7802
16376
12201
15756
10874
2443
11317
7067
5403
5170
180
6565
4817
13977
4227
9492
13086
5525
6542
479
8869
16220
7609
11975
10214
11550
5787
4799
3170
4000
7216
10972
3991
3033
10343
14864
5475
5276
5547
10877
10445
5726
1058
15262
3319
5284
8370
21
10809
14911
499
3294
14746
8108
15268
8575
3273
4671
13374
6443
8670
4205
1030
12661
7238
11373
11141
12712
264
303
7205
10709
6029
8262
9586
9347
13546
1572
9367
7971
98
9866
11264
14843
1589
10148
7034
4862
14818
4024
11305
7104
8228
12334
3380
15466
7322
14521
11794
7586
14823
2614
1911
4468
10876
11497
13814
8038
13068
6797
16008
13165
278
10888
11624
1867
4651
2274
6728
3085
6297
1648
10188
14525
13982
13568
13606
4920
11704
9015
12505
10142
11629
14416
14609
6121
9528
12039
14158
6211
2451
13782
2991
2729
8285
14615
4595
12936
504
11322
16020
6800
12970
9824
4940
10567
7007
2161
15487
2326
11176
11607
12468
6420
9638
10693
12540
2782
6347
10314
8992
8798
7711
11983
11526
15996
10213
16120
12548
10716
11058
12183
1131
7643
5623
6071
1826
12629
8231
928
14954
3023
12535
11037
9442
5789
5345
5598
8571
11692
15911
1178
4105
7238
13160
15631
6849
6988
15366
3013
1320
10040
15196
2451
1298
4434
8521
3124
678
368
4052
15631
3390
203
10284
12831
5992
15629
2044
14562
10937
1571
15740
15042
8808
12515
14288
15656
3119
13270
2285
4438
6925
1096
6888
8223
5529
15409
11347
6206
15776
15399
5453
2781
15601
15737
15612
5209
14981
1272
3386
9534
2842
2741
8191
11649
15256
6095
10921
1991
2980
13205
6428
9905
14300
13316
1743
3444
12341
13089
9650
11732
12104
15102
14513
11320
14454
13740
145
13051
15011
3531
6201
1468
6272
14391
13117
5143
4102
7653
7133
7081
4473
13561
601
2389
10493
2344
5832
6450
15433
15481
1797
11152
14199
16310
6088
12269
13665
6232
8936
12292
9762
15136
13760
16033
13142
10492
4792
860
1760
11925
7940
6233
9102
8541
8621
3211
10885
14453
9660
9933
13549
11457
4701
11364
11382
10788
7248
8662
636
16183
4570
10398
14935
1945
10047
11693
12436
14838
12552
14195
10379
4108
4044
3097
12648
12664
6307
7149
10732
15966
698
7897
11039
5398
2876
6036
16186
10124
14698
438
9923
2883
10835
8473
4827
4497
3782
879
2951
16333
15074
13330
4056
2733
42
320
15397
6348
7468
9744
5930
8165
1257
584
13562
4133
6619
13364
14257
4933
13801
7795
7815
8252
16268
12642
12748
3665
13521
15699
3613
12210
12645
7669
14943
12686
7988
13955
2650
15455
7315
8579
7235
8571
9163
4413
12703
15782
1392
10575
4330
15192
1986
12145
7060
1870
8403
3423
5534
5539
2738
9147
1365
15382
431
16307
11684
8419
13878
14333
7489
4808
6528
14724
13378
15691
2752
9697
15089
4143
3888
3034
2951
5873
15179
10010
7742
7198
13433
13276
12737
16171
6039
14101
15169
6470
14024
10469
14888
11517
8418
5992
16324
14946
4331
13318
14252
7083
6631
12956
11225
10518
15990
14176
7
14785
7802
7749
5598
4851
4640
1950
4638
10678
16050
3422
764
13690
13890
15651
8822
5924
5258
8762
4485
9589
5696
2352
287
12326
15308
11512
6459
14914
9304
6466
13314
721
14214
2527
5572
2469
4476
10209
13147
4142
13631
13910
1447
11137
13177
10269
676
2051
2646
5160
11639
8342
7512
11926
4283
6436
7054
10742
4965
16357
823
1894
694
15036
4420
6265
1121
8896
90
14268
13037
13720
11794
14484
8473
8586
8368
9148
10636
11014
14308
5891
2971
5436
1432
7253
11871
8486
1611
451
8458
2434
2344
9151
1085
6764
15416
2206
15659
15506
90
12312
12841
11883
10411
4930
4085
2394
14077
14720
13407
12001
4227
16378
1052
5659
7246
12922
14144
8857
13372
6217
11290
15716
15368
12375
6095
14400
14580
5369
13521
14670
1296
9978
10168
11706
14907
14252
14100
12600
12588
11123
8216
430
11116
9267
6089
1978
5804
3848
10834
2792
10065
5740
2123
9048
1730
8217
7063
16310
13586
4199
14595
14882
14177
8379
10204
12699
6247
7919
8914
2450
2657
745
2880
13773
10011
8968
15751
15815
12816
10200
2223
6496
15940
4345
15543
1285
12562
6222
1211
9763
10421
15805
8261
8213
7799
2080
4527
14046
9998
13441
111
12655
14185
2991
10044
7812
11959
9410
7243
8390
3226
9465
14885
2781
13810
14044
4065
9987
3882
5275
3366
14302
4696
11626
6131
12495
13705
10658
10156
7319
7714
10267
3589
5515
13257
13633
13327
8832
6658
4186
837
9883
13650
15722
12663
11075
13381
344
4678
879
5619
8044
15180
10315
3285
4927
6425
606
15584
197
7924
6914
10463
11513
12429
7336
8761
9371
16167
15418
13556
620
8917
10822
16341
5196
5513
13338
5539
10191
14216
11157
1850
13012
5087
5134
1555
11512
5740
755
11708
13663
7668
5787
8792
3712
13123
1169
13083
12906
203
10255
13525
9119
4692
13482
14314
10205
10435
3468
4011
8267
14625
5860
4895
3328
10994
6449
14840
349
7203
10164
14012
14871
15950
6420
2199
12688
7588
15281
9210
7790
9152
6350
525
13844
3447
14838
7664
13882
1922
11675
5764
163
1150
10658
3491
12144
723
1946
12493
7925
12109
10121
6412
11675
156
8610
7979
7743
7507
804
15533
274
7153
16057
14117
10600
14511
5397
8097
48
687
13861
211
1837
8135
3701
13980
8857
5646
10088
398
1371
3824
6809
13045
3979
15419
4640
11722
6541
5443
10871
6815
12596
10543
4547
6811
8670
9944
14908
8718
10630
12384
8928
12466
4134
12628
10061
12991
1890
3765
13389
3261
7589
3814
16306
11568
2848
4561
6905
9389
10004
1392
16203
6215
11935
4366
13026
4220
14309
11549
12937
8555
7549
5480
4637
11683
1724
14697
8289
3614
2078
5294
6874
9666
9107
6796
4849
11955
11356
11754
4959
4976
13145
4777
11190
8696
9143
7832
12915
7067
2996
9468
15622
10544
14948
3874
5842
287
2187
14131
3901
4264
3040
10775
13930
12146
1186
2395
7716
12542
14148
12675
1133
10909
1067
12323
3220
10210
3770
16135
893
6766
9218
130
925
7782
4003
6767
8069
6189
4514
11969
10453
7553
6359
7999
3315
7545
10393
11031
3702
8156
7321
4835
2681
8388
773
5901
2213
4543
5651
3105
11308
14869
3235
12233
6266
7237
2615
14334
13426
7128
9919
7495
14681
16278
15493
1612
7438
9501
12642
11139
1273
3579
15973
3953
11966
362
9854
14179
4904
15504
900
16211
13989
4134
12059
3871
11371
14674
1820
8413
5418
11739
15908
3715
11632
15016
5326
2685
8133
1583
13824
9406
5161
13413
13359
743
13775
6828
14921
2294
5948
15820
2121
3552
3570
14179
7422
14940
12469
9242
6969
1503
4596
6492
5217
16228
5124
10542
2529
13256
12124
16353
6278
901
13381
3253
1643
10771
10080
180
13065
16028
16000
15185
3195
3185
12980
10617
1741
9064
3474
8709
10566
8070
15200
15783
7913
3940
9940
10442
812
5680
10410
7089
6580
7406
10341
8223
1793
4037
8402
14857
3680
8018
13657
6875
11202
10253
1107
12943
2933
4581
5268
13499
12650
4084
12897
4179
8023
6452
14620
8834
12131
8645
15922
2327
16051
9879
10550
1460
13916
2567
16316
1211
10584
13589
8086
5402
7458
9192
1961
10390
13772
7228
7504
10038
11311
4016
14216
2949
10468
12452
11782
6215
4713
11320
8541
4380
4814
2706
5839
2345
5273
5771
3556
15857
2975
11642
4875
10433
4449
6835
4438
1837
14062
11941
11874
8989
15957
9706
11937
10041
5773
7334
16255
10486
2269
8412
14865
7083
11118
4319
9428
7
10089
12984
15864
13064
8241
4354
7112
12690
11189
11549
14526
8867
7106
10016
1471
6679
3338
13407
335
9111
4357
206
3212
6626
8617
1692
13709
3351
6011
6752
3357
16099
3351
2836
12779
11592
7190
3506
7897
1994
15055
6039
10860
5777
16054
12331
12455
3008
9353
12790
12118
13710
12995
15329
3951
5228
637
1275
8578
6647
8027
11934
6362
11377
14770
2756
6585
5576
6261
14481
7569
4932
4135
2045
10708
3805
14375
6779
6812
7344
3184
2545
4669
16179
1490
8619
5022
2126
9894
13599
8773
1536
9149
15134
12913
7535
1505
3113
13110
7766
1210
4295
12698
5344
6340
7021
9149
4330
13800
15961
11674
600
2122
16342
394
3611
8577
5415
5737
2086
2630
14509
3622
11779
13258
150
2929
14763
3262
16039
6145
4472
3949
2458
9816
10288
9479
2580
14618
6894
2157
9908
7493
4278
9865
7887
7888
2058
13302
13625
4144
15931
11749
7765
11325
8623
7915
14254
7002
11177
13908
13146
15648
1473
15603
9079
11760
8697
11659
9994
15590
13815
3517
6699
1708
13382
14585
9596
15440
11502
6836
3200
11049
2201
10964
5990
10824
2495
3859
1441
13671
1382
14586
12934
2854
13805
5629
14614
6117
903
8224
5323
14717
11740
12022
40
8738
10223
9635
7793
5341
87
10992
5
2287
5572
5994
13110
8067
9852
14551
5353
11234
12752
1903
14088
10172
7532
12317
16289
8434
4157
5227
6766
15896
864
6806
8250
11087
57
16043
43
143
10651
47
2429
16222
6041
15539
7904
15893
13705
13257
10743
10073
15160
8446
3860
6307
4379
3765
14741
8535
8991
5122
8047
9855
11928
16296
4557
11984
15954
4600
12126
10221
4646
14555
10058
10687
13709
1578
10195
11030
14835
4553
4718
13611
12999
8578
3533
993
12342
1889
9527
4949
7011
1190
14803
2555
1101
2976
14538
671
7575
10280
10891
12221
8450
4565
6523
5775
6143
334
420
4594
4887
5137
1820
1501
13714
5353
2493
9671
7242
12020
14619
14253
13209
13038
423
14310
16014
14960
14981
7205
8856
9488
3041
921
14052
9564
6696
3811
9898
7115
8404
14784
12251
10223
16285
9581
15575
2393
2867
6432
14413
1102
4300
11238
14140
4723
9163
13769
3299
7759
4589
12154
863
7630
13075
14914
810
3386
2341
10708
10500
10744
9107
6367
4583
9007
15947
3774
11400
2430
10206
9428
3532
14506
4281
1287
2844
13444
15055
6142
4819
3260
1911
5681
10890
14985
4211
11699
1987
6551
6023
12486
911
15129
2468
5493
7752
2031
9266
2768
4461
3088
12196
7992
1209
93
9278
4052
13536
7949
10194
1971
11209
12104
7651
5714
10705
11862
1029
12691
2029
7051
8793
2939
5796
11261
8432
13548
13291
1314
16315
1368
4401
12127
9359
5609
12219
2253
9661
9370
10202
3470
11341
5026
15574
2608
10740
9895
14469
11769
6202
113
2436
14994
3052
8232
9870
11483
5396
6777
12797
5326
8145
813
1068
1119
6422
13287
3372
16083
6272
13573
3168
1229
2215
2358
3836
12955
12253
1920
8340
2070
2033
10776
680
5084
2623
10550
183
8018
943
12980
13344
9087
13793
14412
10205
3831
11314
13577
3529
1202
10765
6697
2430
12980
9054
6265
9551
4923
8185
1506
6992
10217
12281
7671
15301
14904
1836
15484
6538
2778
12079
3497
11864
9488
1525
5685
13318
12839
2877
462
14040
13642
7158
86
10238
16212
6350
3404
4751
14534
4909
11742
8367
806
3029
7284
15710
4865
6383
5863
7642
2078
9360
3122
11565
10884
8807
8499
7338
11684
8960
4994
8941
16118
5079
2795
15946
11429
6198
4312
9579
11107
16054
1561
11913
2698
8844
11238
7562
15227
716
15204
921
10076
1942
12486
4576
10749
4600
11914
6048
13560
523
14989
13294
5601
1399
12856
646
7596
783
10224
2318
453
11784
14231
3151
4244
9084
10712
3087
9800
9532
4007
3491
11474
108
8067
5838
4708
3596
11885
1883
4118
10489
15176
9719
11888
11647
10364
3099
12430
4203
5417
12883
15987
3263
16033
3847
12347
10361
6933
5762
3509
10940
9253
14982
11047
936
4435
15755
4531
16320
1253
8648
10425
45
1983
5928
11692
12346
9026
7738
165
14443
4236
16151
1322
3885
3613
13668
14245
10546
3046
1369
5101
12299
16351
16148
13234
4401
15518
1380
4337
387
10028
14761
432
12011
4304
12124
7973
13330
3478
8137
11388
7713
7904
12709
11598
11517
9993
9458
5678
13038
10827
10779
8953
10793
10542
5802
15194
9676
7182
3146
10062
826
1522
10494
12836
5826
6233
4424
2771
9710
12561
14159
1039
4080
10483
12636
15596
4092
5710
4890
746
152
15668
9698
10945
9826
15500
9754
3117
6298
12900
13178
7123
14421
7287
3575
3862
13520
7999
6633
6845
4175
4407
7884
8254
14890
4135
7466
2597
9845
12356
3343
9997
11640
13040
4557
5081
12156
14311
8197
2069
10826
4991
9192
8863
12278
12766
12725
9413
4380
2973
16258
8554
7379
7758
424
5885
11893
7890
8482
5353
3862
11824
15349
15501
8480
3522
4198
4251
1448
12394
6319
12274
1001
15510
4752
13279
11892
1092
6308
16271
4065
6181
8441
11444
13938
8865
944
9447
371
9425
14799
4232
4865
13764
3349
13344
901
7546
1210
2349
3556
7529
14623
4556
6654
2990
1450
2162
4082
7757
2048
8146
13938
10489
3206
11492
2970
4149
4554
3340
13574
2969
7572
2054
348
10920
15397
1249
2081
222
3597
5636
7750
1836
10192
14404
4825
11642
181
8907
3014
2229
669
568
12718
3874
12059
15687
8022
229
2643
5212
3197
10214
7265
3545
4750
6278
4793
6830
6499
8390
12466
14249
10225
6273
12269
15050
1531
12450
7572
4544
14678
8241
5112
11012
12114
787
10315
3752
1015
12957
8963
4212
6787
16228
7756
11536
6121
12549
1981
12620
4554
14447
10485
14779
4336
6369
13444
5866
2434
4632
10410
728
12872
15521
11739
8601
16307
5669
12353
938
2242
4932
5149
9028
4775
12905
4179
10896
9069
6160
7131
13623
4222
1231
12017
8558
7600
9076
14423
10033
13707
8448
10760
10195
7585
6115
2411
7507
11783
14764
8445
14024
3311
13593
6668
8086
10114
10846
2597
2798
621
9728
36
4843
10959
12052
13400
2174
4744
11439
12207
2067
3503
6583
12261
11087
12697
14672
2210
8096
13051
10654
5736
16362
7863
12403
8063
1593
6865
10660
4390
7486
4003
4426
12329
14962
94
9345
752
4838
4399
12958
6904
7901
3157
2780
2604
15854
1067
4813
7566
14117
15467
13301
14094
6946
9320
5773
8538
16185
48
12928
7286
4051
969
3231
2628
1063
12575
3380
5900
589
16338
12803
8490
3110
15583
11094
2579
265
15907
10144
14382
14989
7061
12092
5551
16381
1480
14088
16181
1528
10631
7083
5578
11600
10313
8206
12663
6503
11585
2178
7092
11539
14981
15582
14648
14179
10291
843
14444
9813
10986
12441
8418
1663
8149
13968
1659
9628
11671
1456
11155
5918
8539
349
1133
2467
8555
13795
8970
3756
15973
16062
15294
14570
15259
13557
12365
9165
14399
10424
2594
9001
6481
11011
10664
14629
8594
12323
7873
3881
13778
2644
9798
5933
2992
10931
8399
11546
8342
985
15302
7930
662
14211
6116
15921
11384
2096
8702
9398
12520
11295
2015
2616
5922
12679
861
14516
8617
8733
2012
6011
11376
11810
11943
14368
6356
3958
9530
14697
4942
8447
6243
5604
6273
12358
5140
1272
14453
13841
10670
10589
8752
12685
13204
14673
8979
14065
12804
1211
6413
14816
7221
1405
10242
2780
15772
214
6737
8917
14910
11678
979
4769
897
7252
742
6037
8524
15195
3494
2809
9399
12245
15494
6219
10534
8088
3900
6954
9299
10312
5385
136
11717
15627
2915
11104
15840
9651
3637
14365
4945
4616
2750
5842
11867
3492
11878
4006
2302
15371
6815
11701
11232
5925
1536
5381
14012
5435
12334
6927
15747
1335
7062
11079
577
9977
5799
32
3244
9435
14397
8189
14050
762
14030
9533
4253
9524
13538
6555
8511
3969
1872
3358
9893
3408
8739
7521
8843
4688
14448
8205
6023
5126
2900
6599
15102
8699
6631
1962
1749
4644
10150
15799
5406
7795
8947
9658
935
6101
16213
9445
10070
1701
12803
3578
5108
5157
11099
13951
9845
9162
5772
15867
14287
8671
6082
13005
986
12712
14966
2735
971
8731
2149
6376
142
11096
16034
1076
812
15863
10520
10882
1180
6939
14460
6288
12095
9174
3854
5555
1952
9625
5038
16238
1912
11119
12859
2897
7447
11440
5631
8418
3787
7779
14794
3928
2491
14444
5004
3302
13923
15524
14183
15102
6078
12258
5005
1789
5048
8858
7344
6999
2098
12381
6853
4009
7116
3327
6905
14562
14767
12536
6596
2169
3930
5005
6097
6420
3065
11100
9722
603
10240
7521
15704
16317
3395
4324
1721
8442
13182
9064
15441
15279
5061
5910
2904
12176
9236
9808
10354
7619
5959
565
9788
9889
5570
15884
16309
8634
10600
9647
9237
4455
783
8556
4388
4178
12880
6108
12620
9677
15172
11676
8572
3848
1202
11475
16023
10438
4899
9993
1672
10858
10557
11459
4363
16127
10959
4287
8377
5175
13934
1229
9629
14717
9785
14016
2510
6281
3740
15129
15958
2527
10421
8145
6374
11622
3235
6013
5675
8134
16005
7347
2607
10178
2421
6969
9921
13380
11256
1913
2170
8805
3142
11799
7138
12927
9431
9647
2823
13170
8392
2396
15696
2428
10541
5686
14050
13775
11699
3341
5525
11320
10687
8131
5113
13108
15100
15033
10103
9972
562
12273
2393
3703
7687
9530
245
733
2792
3068
13902
11183
5463
13214
13611
16003
2516
11277
13394
14215
14617
2534
9150
8919
10665
14262
5643
9381
12911
15745
2968
13472
11634
5360
790
2936
14890
1035
3669
1297
4102
1187
12480
9565
14401
9707
9184
532
4599
6194
14746
2832
8728
7512
11751
3009
5389
1009
12389
1915
370
15357
15387
12003
4333
16177
14939
2838
827
2223
4135
4929
3409
231
14494
1425
9938
7293
1957
14537
13487
319
984
5830
7830
12734
8838
13219
13743
4843
15134
14113
3815
14136
9731
8147
13928
8286
10985
14755
10508
15119
3300
13917
15349
1409
15342
8903
8702
914
7055
5804
1233
8038
11634
9063
4388
4087
5897
1747
8930
4647
15859
12744
2398
9206
4507
16326
1107
15491
14697
11615
14225
1612
9147
13190
3020
8105
5708
11721
9019
12763
1141
10251
4416
12774
2930
8804
477
8826
10550
9406
13473
10024
5766
15871
2845
10272
15812
3951
9378
14125
15566
7219
15736
8329
4025
2371
49
9733
14092
9067
6111
15232
2933
10527
11622
5863
2946
12099
14688
13495
5120
11777
7134
10886
11263
9979
4773
10691
13930
14151
8431
13111
4986
7782
5055
9011
10153
5103
2360
7861
14169
8471
6709
718
2613
1946
6580
5559
14044
4884
2669
2780
277
9803
13665
11539
3397
2053
5845
943
16204
14276
14053
4806
5673
2723
13816
15826
7826
16175
7302
5611
8261
14010
6329
10874
15956
12909
48
13615
1409
2716
11
1685
12519
13675
13223
15916
15728
2684
474
15548
575
14526
3969
6248
865
1400
5689
8691
1191
12990
14302
9451
10616
4246
3940
10187
770
3988
7418
2179
6704
7428
3863
2838
4718
702
2369
4062
3386
2843
3225
3960
984
7193
10208
1849
8592
15897
10540
9782
12503
8457
2849
6734
12702
6789
536
13472
10776
7953
15650
1095
15381
3129
3933
3714
3830
6302
7776
7215
9144
11000
11175
10128
1808
4999
11976
10400
4511
6132
3797
629
14588
6646
7362
10906
13434
7898
7994
7826
15851
7259
8921
14847
10387
12853
2177
14217
2770
9952
5048
11913
4567
16223
5656
6375
4837
1248
390
9348
7379
4187
9976
5583
10832
954
104
7882
8852
8097
15707
8318
15356
8243
6780
9359
4712
8956
7192
7481
2524
12239
3009
7090
12078
8665
13464
531
9912
13853
9878
907
1656
3469
6490
12487
4423
6594
3985
13274
14691
3308
5207
13662
11550
11987
6637
16261
4559
13829
7358
7082
9684
10367
14172
5377
2647
11252
5907
12559
8721
15784
13466
10376
2869
3571
6479
7292
10164
10463
4181
8470
13770
9388
5748
8936
4991
12385
8813
9550
9829
16170
248
3128
10152
14419
8505
12799
9286
14411
8974
1623
13811
6055
11998
296
9625
2093
7587
3405
12555
11768
11875
9941
4772
1239
2493
9763
13624
11305
2928
7068
11091
3175
10196
4859
1210
2316
1274
10496
343
10247
12118
14153
16301
7732
14449
9542
9824
5652
12947
5995
1036
8437
15935
5808
9676
2043
15570
6915
13348
2114
13983
8055
5289
7794
12913
6498
10110
14186
610
10452
8049
12728
8221
7965
4075
6286
1123
13898
11937
14069
3509
12973
6122
3059
2396
15797
5102
1581
6328
2066
3695
3926
10120
8983
11720
6649
15481
5445
4451
16090
15897
12499
12434
7734
4080
124
14019
5202
14022
9572
2886
1146
6160
9007
4205
8555
8420
9307
10136
14747
11373
13830
2289
5108
6429
14008
11757
5525
3069
16208
5231
2582
12322
1280
10315
17
1404
7949
5219
15426
1136
8104
188
7296
727
4393
15850
9147
13700
9602
7510
8688
7048
9798
13796
13476
7422
9168
2616
10491
8991
7847
13072
4929
9127
7002
4946
10531
14951
10164
9572
16087
1884
9760
6998
2611
14152
6463
11757
11467
16065
2883
3771
6728
12680
1182
3819
3718
10350
6435
14208
2957
14282
10895
7885
7024
1512
12831
1171
79
6611
10742
16165
8495
4118
6778
11105
1886
13241
6478
13353
12921
9360
739
3264
5656
1920
7083
9373
12269
13518
7196
15225
11415
1707
6726
2055
3219
3172
3225
3297
9783
13967
3077
1893
1700
9854
12998
3585
6710
3091
554
3247
12451
1292
6511
1722
3212
13594
11095
15481
10727
1906
14322
5757
3612
4663
7812
6831
7835
11036
10127
1234
8618
13203
3126
10317
6673
16123
13902
13383
2830
14455
245
15280
15747
6756
618
2575
3965
11712
1671
14691
13618
15992
4064
846
4271
11875
7676
12106
6526
1418
13340
15143
14620
81
9076
4908
16204
6594
1906
2649
4665
2151
1545
4027
8906
2162
6601
12870
13873
8272
11177
11107
7880
15240
11952
12151
10731
3243
7873
872
4660
4828
16015
2896
4908
8707
7804
4727
15300
9710
7376
3581
11861
8920
7607
4382
11082
14208
868
8571
6096
12044
3293
13975
10900
15244
9741
5247
2102
1229
6118
6762
6056
5749
9658
10964
14456
1078
15691
13372
10788
6683
568
6264
15602
8175
10645
10300
5999
11513
2486
12094
7173
5778
9685
1689
4637
3041
6935
6739
4270
13053
13501
10326
2417
6775
4906
489
7852
4212
13860
2256
10895
14427
8519
10113
6218
2780
4028
12216
14292
6513
7925
5080
12291
1225
6769
544
4266
13703
7282
8536
10371
4399
2478
12788
11174
7383
13276
2642
11595
10752
4897
6105
8794
13415
16218
15011
16194
3861
10843
14102
10373
2383
2798
6279
3608
9566
6823
7874
6884
14104
25
870
2119
2503
13658
13293
9886
10549
15934
5096
4916
4447
11201
13710
1477
11034
12337
1287
14895
6795
15388
8884
9178
1801
15163
12786
11367
5601
4275
1866
3321
4300
2736
5439
6802
9
2348
303
10558
1897
5399
15473
6344
216
12799
7820
11250
8752
9107
9760
15547
8111
2259
8340
9911
1037
4742
4894
6637
9016
6759
9957
13315
9494
15396
3733
9503
1359
4036
3676
3256
9434
2765
9599
9650
15563
1035
4515
7931
10141
14275
7093
1867
150
15432
11778
1186
3789
287
7823
12805
7046
1396
9736
156
407
13468
9658
1766
1120
13334
5022
10554
16098
14621
3819
15277
15655
8334
6823
9412
6224
13915
11279
6373
12963
6673
7559
368
6960
15381
13173
14005
392
6524
14161
799
3608
7434
2565
4727
4384
7586
15280
4097
5822
2715
2990
5093
11048
9812
14505
888
7343
9399
7261
3921
16072
14819
4289
6647
13816
1077
4268
14208
7601
2044
15007
11208
9478
1187
15935
13861
8773
14830
1573
14595
1161
4562
3304
12209
14374
1424
13096
5332
10823
3973
9253
10510
2407
13542
773
16223
14618
5040
14047
5834
7083
12669
658
176
13856
208
14036
6245
15038
15609
4455
16198
3787
7759
12022
1776
9183
8734
7108
3621
12706
16361
14131
15113
13518
14904
14952
11752
3559
12614
1201
10642
8899
1858
10817
6371
2066
8469
12615
719
7694
686
532
11480
8444
12554
13256
1242
4903
3980
4863
1224
3956
2610
16337
1089
1129
14904
12841
4687
11133
14041
15329
3647
15899
9761
10017
1580
1846
6248
2299
9539
6933
2830
4635
15377
15383
1507
234
3902
5486
5097
5125
9442
7706
5077
10531
8834
3596
6987
13521
14729
4643
12465
1992
4158
5842
12009
5738
7687
1872
8036
842
8805
10866
5476
7797
9864
6982
8030
13765
12468
13126
2506
5525
4448
7583
16055
13281
11179
6657
10418
9524
11300
6499
11515
15457
12340
7139
4810
3643
9011
12846
4484
1431
7327
9960
9227
807
558
873
14572
13025
13999
693
2166
2062
8276
1836
15343
3071
8493
9376
12594
3408
15874
7724
2481
11830
14863
7290
15472
7490
3752
3572
8920
11078
13532
1763
11884
14089
2635
10071
10730
249
10764
12896
2310
2655
14732
1268
5726
6840
10644
1935
10247
10134
9659
12727
5580
8138
3633
4667
15627
7385
8239
8163
2078
5386
9925
13962
3091
12559
7648
13821
12807
2028
10333
15117
4683
8680
1
10408
15519
10645
12342
9382
4394
5617
5725
9973
13754
9358
14640
12997
358
6494
4775
2436
11880
14700
13
14971
10874
7660
12408
7297
9688
6356
6030
14370
15036
6030
8393
14170
290
4351
7168
4684
9967
12892
14657
7337
5866
12912
3950
6223
3022
8725
8659
14902
7040
8671
13489
1530
16331
9512
8827
9634
15868
14856
7619
14519
4502
16011
12305
4792
3978
3088
9475
13945
15980
7747
4898
5461
4275
8847
11684
7296
1188
3959
5814
8228
12629
2918
9757
12575
12430
2199
5825
11913
671
13443
10047
5172
13070
5967
9963
663
9055
3054
14608
8650
10801
3121
14111
15075
11968
9411
5987
13155
13369
11800
4998
9614
14718
14755
5805
10763
570
11629
6291
1240
8687
16338
6412
5373
5920
16375
6035
14975
3044
4259
7241
13844
7379
4967
12535
2962
14378
2137
16117
11363
13937
4731
4593
12270
3101
10397
6648
3671
5641
12939
4910
14328
12892
11322
3316
2428
11312
9351
1018
14356
13609
8258
11816
4604
13225
7966
7566
11219
10102
7298
6197
7655
12029
10789
3540
15130
4802
10188
2416
10442
6742
7326
8386
3249
2263
11701
5676
13575
4667
6694
11546
1892
14951
6977
6495
11791
14942
14060
6625
8660
4974
12822
16314
618
7227
3469
15747
12028
13657
1779
6086
4014
9104
14471
7263
11367
9788
12938
8557
14455
3247
3718
16346
1814
10695
6457
13604
9253
4133
3845
1528
9106
283
1458
9724
7509
4927
9087
3153
2199
10865
9238
6212
3585
7325
13474
14951
728
10028
7124
15182
13275
10842
15144
15088
5152
5216
12308
14404
9348
16153
15932
2070
51
1005
11793
7559
5932
4495
10711
8130
15360
3565
14342
2560
10890
11432
1127
11617
5075
8250
10414
1966
2707
9174
670
7859
14389
12977
5878
7352
12745
5426
9421
12795
6431
4830
3970
12362
9325
14681
4108
8300
1862
2065
10860
12751
13497
11987
7983
2188
3852
2013
4153
6559
11186
4822
14417
9191
1414
3911
159
14159
9336
9579
10570
15767
14409
14540
11745
7349
12836
15852
15648
14698
1533
10124
11064
15029
5726
2663
832
9578
4676
4985
16136
15862
9806
14168
8668
11220
1694
8826
8995
11030
2021
3180
10412
45
1335
5772
7394
14171
5240
6658
12484
6773
397
7164
5417
6123
9826
6249
15700
14502
11233
15451
13979
4655
13234
6263
15874
14928
15088
8484
9573
725
11664
3601
770
12998
9373
8164
10785
14612
14821
6884
5001
15217
14048
10418
4955
7489
282
4271
5606
11515
3337
3201
16170
186
9463
15659
15114
8167
7759
8302
8892
3038
11903
9661
16036
4891
1440
10437
3119
16261
937
8119
15093
14984
2152
3664
6088
2434
7934
11694
13949
11271
14894
13734
11457
7973
13009
10186
16139
4384
2104
8646
7421
14006
1923
7073
2512
3363
1125
5631
3239
2061
13750
1948
660
15902
5611
6748
1951
13545
2058
15900
8432
568
13250
3504
8540
9874
13689
8294
14257
15792
556
5294
13413
2478
12366
15925
5841
13491
5172
9079
15552
2537
11026
16212
2054
253
6576
4004
13798
8633
3520
5845
9200
385
9348
1356
10259
6652
9650
8131
6060
10205
13425
3089
12683
9407
2630
2139
6513
7801
11218
5681
10337
5859
5508
12390
6111
12084
10
3525
4332
3529
9369
13532
3914
2332
14888
14172
8984
8153
5919
15044
1974
2959
1748
14656
12365
4377
411
2494
12177
11628
8174
6129
1103
13682
2135
7214
9381
2144
10738
13713
5673
3722
10860
9586
6054
9364
7374
15038
1132
13292
13697
3105
16250
15444
1377
12231
3437
1787
14724
15614
13415
6514
5358
14517
3811
7493
5346
13192
9636
16084
10520
15308
3421
4996
8510
9474
14359
15883
8127
15491
12790
5440
2211
12656
4499
3587
8502
7936
5374
6841
7165
2405
13355
12523
538
781
3631
5883
13973
13267
5583
8108
12191
9003
13104
4316
2093
11079
3815
10220
10185
220
15659
12396
12875
3774
15982
4993
11709
4972
11834
2489
7376
8804
15012
7914
9585
2258
13797
7173
15525
2995
15281
11331
11997
12000
15646
14089
6695
3076
7925
495
3296
7199
12890
16171
10972
12488
4779
6297
1076
228
8786
8452
9032
7413
16365
2232
9671
13777
9404
8811
387
8300
3757
12384
3916
3019
10088
10611
6094
1629
11106
9390
8827
7612
9176
3415
3715
13955
9711
4791
14183
2112
13242
6830
9524
13223
9061
2810
10615
2081
11620
11002
10380
15377
7001
14296
2011
705
8522
8105
2333
3243
1110
11159
10854
10286
14574
14569
7856
7900
2975
5655
10011
16217
12484
3151
13055
5161
5961
7286
7241
1197
1903
1237
189
8903
15532
2200
9607
7670
10304
11940
10913
11414
6714
5382
5315
4903
3567
13171
12803
6542
2441
6429
6374
14925
9580
3045
3701
15540
10331
10942
352
12234
12178
541
4752
11326
2740
14359
2611
13043
9914
13523
8072
244
2521
13387
5147
6088
10173
1565
12629
12614
7994
2619
11154
1189
5664
14855
344
15994
9412
696
11843
5205
1236
211
146
3975
14569
2757
634
8099
16280
8706
8342
2417
5708
13488
8504
15880
15053
4748
12109
6662
7366
6879
7851
13030
5349
8195
12639
14760
8890
8098
3581
10126
8308
3727
14101
6493
6483
14734
14591
6379
7055
6549
8795
12762
3653
914
12258
2322
5662
7982
8983
13028
14860
449
9673
3824
8643
5927
2200
1149
14025
5780
11274
5948
9507
8991
12441
15990
7340
10648
5984
14395
812
14779
10773
4465
15692
6646
6786
4970
14628
15769
1613
13104
16218
11285
544
8476
828
2743
9625
14852
8523
4515
4416
1645
13505
472
1250
4461
11119
7234
2471
11931
5628
13244
12
4936
3505
6798
9905
1748
6182
11517
14851
6015
6418
15395
14491
7245
1753
7731
5713
10276
12245
10129
11920
9366
10601
13170
13826
5336
4019
16297
882
9646
13156
894
14581
277
7691
8102
2025
13872
3234
492
3503
9652
15886
1609
513
1254
9340
6225
11530
5201
16354
7065
14566
10570
3851
12008
15905
7869
11920
403
1131
8692
1296
15712
8968
8986
7429
10992
6474
10663
11483
9976
3930
10984
11584
4442
12238
4540
10667
7383
9740
10636
14447
7921
4821
1914
3544
4342
9782
15464
4744
10913
7771
6039
10240
354
15025
1285
11345
5114
11948
6443
15090
15878
1043
10290
3936
13280
14829
14602
4278
8184
8854
2341
16104
13675
4254
3264
1632
14036
2343
6375
8564
10114
12414
2420
10467
11054
3705
5428
16168
15653
11871
14873
15146
12913
8779
2697
9808
7223
914
14086
15406
9768
42
15126
7058
4296
2005
8690
1948
4348
15065
10512
14461
11094
12931
8544
5764
252
13971
5548
15904
9457
4037
14665
5986
12815
978
15794
3653
1891
13495
2675
11659
13537
1416
2333
1449
3421
11022
3396
7768
9702
13907
5845
4412
10454
14388
10176
10705
11975
15723
10225
5047
3375
8506
11033
16190
9483
10442
3458
11374
7552
6133
6648
4705
7548
8980
6153
10969
3618
9548
2353
13320
7070
8197
1347
1140
6201
11522
11845
1791
10861
5685
6838
14236
14191
1486
14041
7289
11927
1115
2278
3095
7247
8926
7799
14794
1522
13951
9378
5140
7115
11731
2075
14185
3543
3421
15324
9743
14943
10784
11534
9420
85
1987
7271
14275
3473
4928
5180
15399
6042
7457
2109
13288
16383
9908
11698
1521
7475
4692
6660
14589
38
8734
12390
3581
12155
11330
13324
10714
5730
8473
3750
5814
10460
11020
3704
13932
15947
8883
12946
5605
16340
15055
2509
16339
8578
14206
1476
16053
2514
8135
14258
2552
485
10263
6132
12639
5208
3071
6969
10937
11544
10718
367
5619
5354
4071
3167
4917
12954
16112
10521
12910
14783
13029
12864
6977
10851
14339
6645
13365
6090
4518
15916
6574
14781
5664
2829
3604
8735
9798
14541
3895
4131
14907
9513
9485
2594
12680
14401
15547
12408
8538
12072
10806
5183
8552
1398
16033
6507
8043
13014
12597
12561
12546
2786
10957
1825
5615
14561
10560
15412
12717
14454
3159
11240
7583
12643
13833
3878
10660
12996
16285
2813
8683
10706
7995
851
12104
7644
7358
3763
4273
3570
16323
435
6356
10895
2259
11970
9071
12818
10998
5404
10888
14156
260
2086
10415
14092
5963
4690
10704
5863
7503
3003
185
15497
3853
12289
6757
11210
16051
11030
14780
15990
11464
4751
10501
13723
336
3187
10157
11334
8591
4660
9105
8850
6745
3136
6558
12708
7826
877
2187
15328
3879
2371
14441
7732
14660
4813
2558
14327
15843
953
13932
10922
5703
8048
8261
6039
11235
2033
989
3441
6692
10094
12291
13437
13229
2464
9760
4670
3340
11946
3614
7219
14316
1670
14950
12592
6483
1124
10534
5942
2076
8081
479
7779
16129
8739
13818
10980
10772
14806
14420
1079
8515
10326
14515
5359
12790
7890
10029
16130
3452
13643
6964
1384
15312
5530
13975
5411
6653
8124
11352
8728
16205
11831
123
15950
4186
13940
10545
14957
12362
8581
16036
4492
2523
14166
9851
15312
5672
3496
15057
9124
754
5637
10507
16066
11166
8097
5093
1434
16221
60
10162
16042
11891
10285
15607
16076
7841
9768
14649
3818
1965
14300
8310
4487
12082
1776
3415
1370
5272
2087
10493
6026
7724
4615
5707
2505
12712
10799
3939
12548
10859
14100
12206
6365
8001
11429
6057
15841
4812
4321
3274
6776
2237
11583
11263
14319
13359
14677
15688
2246
380
9796
8272
8103
14411
13978
10608
10739
8393
14546
6903
2867
12262
2724
9232
3878
14152
15288
3334
2580
3225
6608
9356
5461
1806
4235
3395
15165
2527
2699
1027
2907
12495
9298
11009
10521
6891
5232
4875
15284
3394
11777
1766
15655
14501
10997
3149
12268
9901
6482
14848
13125
13089
7820
2202
14895
12054
5596
13675
14581
8295
14702
1103
4405
7615
12112
14925
14506
960
3416
13405
4353
15193
15170
3624
13309
9783
6772
9193
3299
13253
7657
39
9958
15476
2241
8469
11146
7836
5759
9342
16131
4077
10444
4151
11691
6172
2692
9812
7131
6107
6833
11483
4916
5619
15107
1840
15401
5494
11033
2316
2363
2305
2355
12320
1396
4595
4404
12542
12431
10163
5499
12177
14239
15943
16327
9545
5730
2635
2973
12861
8741
9806
7959
13657
15424
6681
15497
14441
12175
10145
372
14537
12449
2727
10472
13845
7321
14876
10002
3368
8654
15501
15544
6509
15059
15487
16054
4405
1737
2643
881
10478
12448
8840
7750
11488
15521
6862
9544
11311
622
9916
9463
13071
12643
3551
10532
3579
2043
4150
6946
10696
3266
6106
821
1941
5208
490
6345
6945
3132
7225
1038
15580
16065
8788
10683
15201
15649
3842
10128
16271
13758
3206
12958
10016
6757
7105
13595
8799
11254
4157
3111
14520
10262
3931
76
15470
4421
6420
6030
7552
13645
7068
6747
13325
15855
1045
12142
15120
4887
5885
15007
2261
9091
11580
12277
15847
2301
9487
8262
13555
13644
11372
11690
7522
15303
11765
6607
3339
1801
12637
10890
15445
3320
1253
12386
2790
2298
8143
1525
7185
14027
147
9445
6734
11727
5338
6196
14028
14825
14458
11198
12084
9445
6503
3221
8364
1884
9827
11702
3684
6079
6208
2745
9399
7460
15131
12188
9758
6889
13713
558
4532
13860
10003
11265
9203
15340
1077
6846
13780
15534
1659
9479
8595
8162
12700
574
10046
6143
12275
13730
12221
2099
90
5236
9559
15220
1039
2932
5725
14752
3489
10257
12227
13492
5138
5045
12447
6214
11890
9843
5364
13549
2938
13958
5326
15637
14532
15372
5395
10423
12717
1232
12521
12807
6467
5695
11643
7505
8627
983
5872
12116
11240
1715
9223
16377
6759
5286
6206
2265
15128
11570
15813
1681
9143
4755
934
7290
3742
6328
1329
75
7559
13849
12881
14025
3160
8140
5146
11786
9122
11018
7517
3978
12733
356
3970
3107
5641
10176
5372
4384
5361
4800
6065
14503
9555
6998
5409
13296
13326
6737
13371
4500
4202
9868
2141
7361
1623
7287
2763
10744
1921
10279
14722
14653
10634
2307
1376
16275
12482
6747
4275
1458
11547
10339
15961
4717
953
4986
1629
14278
11722
14999
2394
15924
8482
4534
6900
10104
11821
9662
4464
13741
3557
2801
12009
14191
5108
13385
14081
1205
3747
1972
2663
15293
12310
2239
3625
13263
7224
5254
11156
2562
3868
13549
2101
12350
1699
9001
6069
13519
2279
10533
10876
5836
13334
6500
3642
2057
3500
1339
3262
7247
3310
5924
6155
15620
8163
9780
12498
15387
15033
7270
1564
2517
4435
3665
14866
6134
12666
4551
3268
14945
15083
14143
4396
12033
4259
8038
14089
7759
9377
966
15005
12686
6889
4776
11922
15051
14556
8036
14054
13205
15306
15617
15721
3356
2898
14203
9489
15564
2369
12757
14124
1068
10516
2135
13100
14774
10173
10805
6149
3165
11770
4769
15851
2275
9545
11388
942
7716
3040
14995
4537
1961
14228
3873
5317
741
1692
14806
16304
4060
11179
14044
5128
5310
16178
1844
3700
9967
12648
9848
13131
8033
14617
12597
10307
7777
7601
11249
15493
10640
9859
3645
12601
7702
7518
1534
8443
9209
16340
8363
13268
11134
6022
2012
60
5816
3855
3760
15782
118
13607
12528
8151
11839
8740
2074
3232
16341
13322
2340
10596
6796
5984
6813
14498
13501
8347
6556
6326
8302
14918
3209
3052
4556
5221
3112
10371
9075
6871
9768
9193
4094
5912
959
15932
14652
3033
2779
14608
16354
5119
8820
6766
11103
15632
4879
8219
7595
11435
14545
15897
9968
1369
2564
14523
6590
5676
8510
15664
12546
1894
8473
255
7805
9432
16187
6073
12464
2582
4296
12434
7700
13115
2816
2418
12363
7694
10637
3574
2744
8797
3086
12712
10166
5649
10851
371
11325
2976
16035
7486
4870
8124
7741
12674
1171
7544
2362
13635
10125
6658
9684
1440
3389
12499
3858
15752
3809
14494
2941
6553
6907
6026
2880
688
11675
13731
1059
6615
323
709
14101
5192
8832
5458
1482
10003
13001
3844
7253
6741
10501
552
8181
13890
13051
12038
13257
475
10148
16197
7027
670
5839
9907
1357
1130
7254
2415
7744
7577
3124
5461
12768
11956
10918
14250
5574
7535
1709
12826
14275
12210
13378
6072
9716
10044
1725
6588
10519
11872
6401
1162
12541
12240
11069
13898
13369
1938
16313
4729
9514
3052
10189
5898
15008
4723
3764
4197
12257
5473
639
10148
1299
14017
16219
11014
7676
1559
1217
1811
13431
7618
2972
9588
3473
14041
7101
458
15979
7030
5186
9109
10082
15375
15006
8705
3713
2386
12902
15969
7858
13540
9733
9156
11172
9567
3785
2464
11126
5002
4275
8173
12619
7246
1376
16092
4903
8477
165
4497
15506
5351
13605
9204
4341
12227
1524
8053
14612
14425
7638
6085
11581
987
15240
6369
10553
2641
8833
5295
7642
13107
13467
3877
3969
14843
3585
8871
6935
3750
13367
6057
9100
10588
15260
13441
6430
399
5110
4657
14824
12748
10742
10021
13734
9597
6
7903
12238
8839
13197
3496
5561
10280
7372
9530
8738
10957
2017
15672
14706
15384
5344
7422
9587
4220
4479
16016
4618
9588
4288
3058
5951
15029
13079
3301
8242
13084
11203
4096
5538
8016
7591
11099
1911
14963
4244
10648
9535
6260
9936
7857
5259
15280
15279
14846
3115
3373
14477
7733
12960
2381
10790
2527
1026
7484
5827
9268
4184
646
13363
9722
8661
4569
4436
10572
3147
8680
4836
12682
14940
14771
4154
3815
13666
3048
2276
397
6421
369
8129
2996
2749
2535
5523
3774
10019
11350
13041
14202
11995
10020
7540
4272
14588
11975
14843
1351
4271
3295
14032
2826
1681
1802
6641
15347
4850
8916
15743
11270
9285
7488
14266
12033
10022
3405
15807
3656
14754
12464
1474
10365
6099
9013
14636
4303
4604
13095
5653
8874
5
3301
11700
1686
5103
1956
648
9953
10872
7
4838
3772
7494
2720
15805
1131
6124
15227
4787
4493
11307
6260
14857
1021
15272
13109
5324
3491
9820
10977
12364
9825
14277
7680
11510
2996
9635
12158
12948
4123
12164
1402
7894
3274
4122
7315
4405
10245
6158
9191
14738
1080
15450
13211
2101
14337
9936
7424
1444
3371
2016
13807
13195
16293
5102
8320
2905
14737
4094
15852
2475
16258
870
10369
3147
4991
1300
7552
15236
7457
358
13589
8536
15808
10416
10636
13761
3967
1676
15204
7337
3692
12627
4147
3601
1344
12467
6505
16081
176
5973
2172
49
6842
12541
3196
11832
13840
10747
10683
4912
11105
7888
13448
10529
1919
7700
7905
5885
9375
6724
13222
13066
2966
985
283
4310
13451
6787
4006
13627
12759
6178
13676
3217
2334
487
15048
16174
11234
9347
4702
5955
851
1765
99
2769
9464
8003
8654
2455
14727
5492
15521
1308
6476
15803
5618
3542
6205
9624
785
2580
15801
14460
5796
1751
14947
4460
1541
9797
13807
6242
15752
14657
8006
15850
1042
1086
7469
9696
3540
5811
15187
2676
7119
5278
2094
12736
8820
8299
5975
9604
10878
5392
7680
289
7143
6243
4748
8683
16039
2170
14924
15406
443
6546
14872
1485
7631
5957
11180
11171
11767
9982
13846
2502
15260
15939
15238
7695
7854
4828
915
2347
10220
8595
2635
978
14837
7383
9660
14492
9553
8199
13514
9996
14745
12002
11480
5991
1574
6275
777
13341
16257
14623
15842
15132
14178
14695
6443
5647
3139
7358
7993
13358
15952
10628
14335
14405
1626
7611
12512
11179
15809
9642
4790
14170
5259
16269
3776
6832
6160
4553
3788
6032
2791
3246
4780
584
1557
11223
6230
4696
2196
14223
1669
1764
8466
16004
16168
10091
7230
12295
4886
6655
5552
9675
4440
10811
9560
8216
1258
15720
12769
5046
5367
15559
8292
10147
16143
9848
4985
5988
14543
7181
3826
16212
8944
12292
15832
8728
5999
6678
4639
10884
13333
10190
4175
1389
4617
13734
9604
5874
13069
5988
10920
2052
5163
2827
12199
4921
12675
800
10909
10834
7980
14735
10661
540
10642
10109
9267
256
403
13905
11140
13735
7711
15314
15123
12327
12664
8343
1817
9349
14331
12736
11400
3110
15563
7215
8030
11853
8014
2555
6302
15994
906
579
149
11548
10688
9415
11803
11090
6936
6559
8440
14646
5488
7179
10589
1768
15522
12405
11116
13469
8757
6132
194
7935
13346
8224
3403
4976
10779
9704
4585
11684
10283
4733
6847
4586
14148
2266
15675
4700
8824
7731
2961
14312
14910
13549
16079
14047
9570
10811
11131
1942
558
11325
9876
13904
3164
13279
2495
13943
6598
7079
9242
497
11812
16088
5082
9576
1970
4373
14275
10793
12103
852
8721
10628
14401
8416
8290
7586
2842
3037
9528
3400
14362
3019
919
1142
16297
3413
15084
6511
10492
7941
7007
5920
7645
12089
15495
9614
77
13386
4023
12179
14237
12744
6423
12253
4775
14713
3454
7617
1365
12982
11016
15727
16000
11934
484
15913
15347
15567
6040
9455
7124
13047
15374
14768
8751
14485
7998
8828
11486
12021
4623
9338
8381
11045
5207
13156
9373
8661
4388
10738
5258
15403
10080
4874
10953
10564
4403
9916
9746
10442
2987
485
7105
1976
15253
15855
77
6867
8299
11562
2504
12921
4516
10884
7582
9723
7655
570
1999
12043
11308
7256
11062
5004
12129
5630
15567
147
15546
8929
10589
2148
9414
1309
4124
8282
780
4200
15149
9078
15762
1268
5615
3894
12152
13196
13616
3423
13766
15614
15465
8689
6486
10142
13693
2231
15772
12875
2378
14933
5419
12966
696
14832
14275
4820
6730
15054
9019
5494
7748
8397
6762
13363
12290
2530
10174
9521
5952
7555
8751
5032
16244
15236
15174
13552
1083
14561
10043
3460
13109
15461
41
13805
13909
14316
2240
4255
12986
11259
9749
4349
3271
126
1327
15561
2655
11501
8698
8607
2672
1065
13638
2531
16300
12428
16083
999
10604
9741
4458
7328
8818
4499
4749
6343
2430
6989
10597
15415
1864
3961
3380
5135
4086
4707
4311
6741
16207
13008
15348
2495
14073
12602
5025
13988
8645
4724
14986
2864
14464
3060
10192
6898
7558
14940
13240
9988
5545
7452
9018
7408
11412
12398
12542
15498
721
468
5855
544
13476
4818
3038
11164
1035
8063
8768
9679
12786
7370
12543
10866
10430
6350
1379
1603
4906
14618
11590
10450
5686
4224
1473
713
238
14015
16211
958
14483
5681
1501
11575
10499
4538
6354
11533
12600
15122
4828
9002
6108
986
3483
153
7336
4862
1756
12241
3095
13345
6306
8781
1185
7779
9494
1422
5409
9320
2379
3507
15001
3879
15081
9116
8417
5051
4265
4632
3789
9092
13634
9897
10078
732
10049
1029
5593
11805
13269
8688
8766
3191
1084
9950
10970
10578
11372
16378
3514
13750
3501
2130
1245
2198
11245
9661
7249
15509
14293
11037
8217
11542
4549
1911
12274
14598
2939
1483
10019
16208
10170
2400
3015
11254
12349
13984
5447
7337
13978
8960
4702
1094
11090
5947
3292
5951
15608
10540
5076
13517
5192
13293
8675
9741
15203
4565
7955
1758
6047
1589
1582
16216
3989
4596
11086
16337
2196
148
7289
16173
9108
11991
883
3814
1554
4174
9764
778
14714
14839
14294
3521
11747
6585
13262
10566
11149
4833
12323
811
6422
13904
643
10410
2116
11728
10363
4311
11876
1268
4100
4600
13259
4982
8413
14812
9156
1792
15589
7485
247
13499
11006
11994
3699
7884
6176
14848
12717
2114
15658
2754
16017
16300
13163
1749
11644
7142
6059
7135
8409
10158
11734
5283
15140
3763
3711
7912
5555
2915
15397
5802
30
10018
1411
3729
1518
7586
2192
14234
9700
1466
604
9333
1382
13766
11081
13025
4523
756
3776
12932
10914
15510
1830
9669
2888
5540
1197
8442
8455
209
14243
8485
10227
15654
12213
11744
6856
14405
9594
171
15870
10197
9504
867
7579
4200
13891
12102
4955
1282
8649
15869
408
10478
9153
3295
16018
10350
11737
8089
10558
9596
189
4400
8865
12401
16144
15721
10421
9354
15892
9907
3166
9011
10773
10744
13211
8280
6461
1782
9561
15109
1266
9969
9203
10419
13263
8837
4384
8616
541
14941
1827
729
2957
10692
13130
2717
10028
7167
12070
9536
689
15235
2162
11461
9595
15373
3356
16056
770
12917
14781
2036
6501
7600
12454
3380
52
453
11996
592
15394
13822
1321
1967
8130
14450
4683
1774
5232
369
11309
5920
15604
13471
997
8815
12459
4352
8486
13229
885
6883
15264
7386
14482
11333
10765
14533
11786
6376
15125
10796
3814
61
12763
11943
14510
1062
13716
3358
1430
8641
9278
649
5727
10274
9463
1802
14626
1565
15030
15510
8447
13910
6511
6544
8859
892
4693
4260
7267
3433
15056
11080
3493
11434
6639
1619
12495
3971
4977
13924
12611
14254
14573
1953
8143
7652
3755
6384
9217
2400
5509
1279
16310
12019
7823
8784
12910
12515
13044
3793
15948
11715
14873
3057
6765
5128
4676
2875
9098
9652
415
5324
7521
14988
7276
15663
6255
11031
5662
15471
13430
11171
366
13355
6806
8188
5755
3332
4319
2414
7125
3883
14128
5613
6939
4509
10740
11615
7383
3453
4882
7797
8777
12402
6401
16053
11681
12655
10699
958
11742
7745
12129
12108
4716
2550
3912
10470
5882
8231
12883
13006
12113
10627
2235
2668
15135
12974
14282
6134
43
2779
13931
8819
15181
3947
8488
10477
217
2802
11435
11959
10546
7179
7682
15261
9729
11593
9346
15610
3439
5845
12231
15552
88
14465
1835
15222
11055
16117
4972
11098
2511
2518
3533
1307
6464
12020
11784
6681
14821
6834
2256
8983
14012
9937
7859
7357
5146
821
6582
8585
6666
2429
7753
6753
510
9587
5591
11564
9319
10562
6277
11830
13080
9810
13137
3159
5445
8536
9840
3882
15369
12095
12864
12997
5648
4339
3970
10794
5160
10551
2995
11825
12980
10747
2194
13489
3949
7784
8668
13268
1962
14945
8714
15041
8370
5466
1816
13815
14002
11656
1312
12987
7366
14176
9599
13014
2131
13569
7423
7290
7735
10417
2730
4330
4779
4924
1434
8728
12708
10102
5612
14670
8663
14325
13326
649
3407
15142
14463
1024
10413
15775
14010
1395
13567
7225
14408
15697
4409
5446
6602
12144
15863
9332
89
4258
14256
1523
12985
10579
11625
2213
8864
3903
153
5806
4552
3559
4564
2630
4583
14976
2021
2208
16371
15588
9432
14394
14900
13840
3456
5118
9600
2934
14450
9688
7191
12321
11211
3792
6515
6452
6004
15379
10355
6157
4800
14906
9716
9363
1152
14298
7955
3172
121
7941
2375
9553
5951
891
7009
9406
6009
224
12339
4074
9912
3146
10
4739
6937
6525
11190
12941
5519
5160
2713
10319
3681
12428
3298
4832
10342
11252
8004
10462
2809
10379
3631
8759
11269
10639
1780
894
10862
14119
4967
4390
880
4977
9128
7817
11502
3933
4373
637
9092
7086
10955
12773
3130
14252
1220
13471
9120
9224
7548
11928
3218
11178
4302
14487
5433
6082
15380
16294
3817
3962
4299
4697
8939
13426
12513
4056
975
502
4692
10067
7587
15646
6455
10717
13514
7675
7803
6249
514
15350
1793
3731
10144
6095
1833
15576
12176
828
15486
15992
4790
3401
4304
13728
443
433
1399
1417
935
6090
11483
8522
5352
1554
2854
2481
9228
10656
8730
9741
9622
10522
13471
3381
232
15304
2573
12407
16132
1675
12015
4537
5075
16319
1881
5518
368
3279
6934
1302
9369
2033
9823
14720
3586
12676
817
12814
6947
9546
6170
184
3683
3257
3565
3915
2176
6138
16322
1923
7812
11952
6459
12887
11887
8340
2020
12254
11618
8954
13555
4603
10986
6993
2938
14572
3285
3755
11002
10232
13300
787
10416
599
4043
13980
4513
6218
3734
4450
8141
11545
18
14600
8048
11905
6555
10067
7774
1789
2636
4945
6391
13622
11937
9329
11810
15222
13083
6427
9069
9998
7214
3100
10597
11256
696
15110
1090
4429
3175
9231
15974
3193
7446
7637
15097
14001
1320
6487
15789
3956
11431
5795
1194
6984
15123
13004
5821
11821
3046
14890
5435
10260
1605
16032
5131
2301
14757
6221
6729
1548
15451
6319
4740
6513
13956
3453
4129
15276
9940
3533
2847
4986
9328
4040
11970
8067
659
1407
3504
3705
16296
8938
13964
1517
8586
2711
3817
6958
8932
10546
8505
7999
481
13245
14511
14436
313
2256
13327
10253
5788
16174
15238
15116
3829
10823
6798
4488
12230
10301
8193
12141
2855
5773
13657
11440
8483
1090
2013
1030
11635
10517
9029
12115
7377
7155
10167
7690
9410
7110
1558
15198
6899
412
13929
10728
11235
4343
15216
7080
14643
7024
2837
1113
12796
109
12553
4895
1198
14565
5924
12833
8698
14952
8564
16075
5723
2346
7380
15133
9455
8938
13947
16354
9350
11492
10697
4200
15834
9528
11280
14092
167
14116
15205
12963
14225
11373
1473
15422
9554
7397
11871
1868
5965
4051
1558
11687
6396
8938
10436
15851
1492
7998
15821
10841
3105
10133
15041
2555
3276
9936
263
3443
7668
15467
21
5508
10456
1494
4546
3626
8890
32
5493
14854
4082
7050
10157
10478
15988
4208
9945
1095
12206
9381
11935
15310
3130
10591
1480
6406
4143
1742
9848
11810
825
9869
933
11281
11362
5478
14907
3868
5510
4015
2337
9592
11065
12493
3686
10668
317
13631
11763
12522
6627
7313
11448
9756
1520
12928
16162
5663
14670
9625
1088
15494
3110
2021
10391
14471
7499
8913
1955
13008
12928
4291
6216
7608
400
9901
1892
716
7147
13654
13238
13774
4583
8301
7146
6102
4844
6923
11764
3129
164
12852
2239
3273
14872
12630
1360
5987
5158
3314
2611
1702
7605
8826
9310
8004
2343
11201
8720
9490
8471
5573
6879
13053
13874
14025
2771
2333
4564
14535
5462
4727
11002
7701
7999
9490
3946
9359
15476
9104
12673
1703
10805
3893
10528
3731
11897
12871
14931
4232
5976
7018
9805
12855
3686
7294
10495
6457
9627
15058
4607
15089
3401
15609
6405
11400
8715
10351
4374
7807
3071
663
9509
13876
4555
3652
1222
67
138
16152
4299
6114
6785
14103
2584
10471
5012
13079
543
14639
11753
5150
13343
15153
4374
3364
10169
13089
13714
14543
4511
400
15205
14019
14275
3375
1287
15497
3442
1425
15264
7740
7538
5665
5458
10122
16136
10470
6817
294
8725
2185
5444
5683
954
9818
9046
11122
6522
6376
9280
11033
6776
8100
8667
4667
11475
9954
3779
14916
11379
2659
6271
2533
8324
11729
12654
8075
5815
3086
8369
14539
5271
13812
3837
6224
7245
12883
962
13767
2875
10241
8415
9651
1957
698
14317
13431
10652
1712
11963
5646
4370
1850
8178
12694
13578
4448
4384
3008
7534
12752
1163
12804
10180
4999
2644
1041
1498
3605
14807
4373
13846
6838
14023
15803
7535
11956
12849
1803
13667
8428
7448
1653
10277
15626
14346
7471
3689
2346
10478
11223
15097
11641
7642
8892
256
10286
9932
1753
13891
8355
6126
11352
15192
3764
10770
6343
15720
7235
8146
13003
15663
15593
14655
9555
14835
12617
641
2139
14962
11119
13361
13675
6375
4619
6183
6630
14905
16115
8383
12411
8086
14508
7379
6894
1888
1764
13237
1223
8999
4998
14225
8277
4206
12496
1448
2657
8729
2088
4795
7307
13206
1772
4598
3197
6391
10780
9826
4911
10511
1825
938
2212
16332
8316
9105
1836
10080
5957
3058
2694
10954
899
10971
15160
13395
12418
1432
5739
14506
6227
13045
11328
7999
1258
14524
14389
12038
7966
2916
6164
9790
3853
8375
9738
12168
1096
11573
5863
7052
14631
8557
1622
15530
3144
398
12540
15561
1829
1894
13683
8056
14939
8626
16054
16197
6765
14059
11850
14731
591
1630
8136
4443
10005
1490
227
11100
13063
6090
1768
11310
14647
3389
10455
1406
3786
6610
583
5615
8504
14265
13670
7058
6506
13340
6871
13271
11014
2336
11617
11604
3966
3369
16047
13970
4858
16274
8685
1537
5980
10452
12846
4242
13840
6916
5648
1242
13525
6231
6856
5645
4111
4142
12702
10617
1097
3188
7504
12110
5524
2737
7330
9489
6105
6993
7074
10963
6882
15759
12499
12862
9826
8961
719
7282
15876
6367
8524
13017
12597
15379
2277
324
3136
14979
10941
4233
1783
2060
16342
7306
4797
7288
411
10901
14280
7484
5480
4777
6858
1595
1254
300
10555
1973
7582
10047
8340
16105
6679
4552
15100
8956
4876
1852
7550
15816
6084
9332
1492
6042
254
6288
13329
664
805
11224
8148
6285
16001
15006
7879
871
15305
2050
2844
6503
12096
11183
6223
2391
15735
4939
11347
4226
6790
2513
3657
12873
11845
5149
2530
12098
11437
15859
12761
12241
10698
4524
2141
10315
3146
10020
11185
2066
12069
14029
8568
7781
8827
14791
10172
8177
3345
5134
12402
10135
7646
16059
6623
3106
4824
9153
15204
16260
8627
11580
12116
2941
16104
14257
13256
2865
7892
8056
4931
3577
5700
13499
11358
14527
11906
5145
6320
15251
10279
2338
9001
1540
2012
15624
4646
6836
8392
3465
6711
635
15045
2443
3576
14765
316
447
1246
8208
8503
6177
11784
14203
3291
6757
12345
15197
11902
2280
14063
5796
4617
6679
7336
6629
5918
11981
13464
14310
15446
3791
14944
14107
6234
2136
12487
6549
2582
13733
14756
11084
3525
10155
8902
6815
528
4863
5628
12430
7142
3306
1841
11759
9985
9176
2003
15902
4773
15467
13827
3834
2874
12387
1557
9107
14523
14043
15655
720
11391
14026
11804
14915
7797
4321
5346
8324
9184
10973
4370
16325
14279
6210
11700
7879
15386
13702
7397
3774
12785
4840
7608
15658
842
9164
8380
15364
6823
7650
16084
1830
5292
11503
361
13088
15824
5706
5028
8623
295
9397
8564
14574
15607
3879
6068
14608
1197
13465
1997
13981
1920
9605
13255
2762
2385
5251
1742
9207
12901
1441
11036
1808
12944
11396
14896
12383
718
3539
4622
1013
12936
13186
15586
12158
680
5270
10381
1877
2350
12378
15857
4270
5598
12728
7031
7982
1594
8772
805
14494
10212
11841
16301
6772
6852
14812
2771
7570
1967
7392
8583
14902
4193
7785
10675
4873
13054
4672
6749
15404
665
6222
3289
6263
2565
10320
14245
4158
2707
15049
2268
12919
10505
2185
3306
973
613
6076
8543
2579
13468
741
1097
1277
8525
11772
6149
5195
59
12898
4215
724
2735
7503
6986
5300
1439
4846
9458
4145
3510
11725
680
14015
13910
3985
14987
14522
10061
7145
716
7145
7886
1813
8421
26
13584
14570
5221
13642
11083
9435
14366
13818
554
4967
2734
1992
9812
12191
6137
13322
7532
6816
10953
5058
10801
9555
3195
4477
316
3911
11621
8202
5723
3658
8228
2922
1843
13448
180
12926
6498
14545
10359
7051
3127
13093
9043
12939
8900
15179
9877
48
5610
4445
5105
27
14000
8299
4503
14316
12209
16124
6133
1547
3397
14360
4469
5240
11424
4648
1781
1537
2809
12140
8588
5935
8848
1247
2490
1363
41
12367
1411
5651
427
6515
5677
14427
14813
10180
12358
10638
9920
2107
12185
13317
83
269
2172
11506
4917
3952
13043
7725
16092
5246
13660
8556
6492
16149
9919
6533
12132
11329
12184
12559
1459
1476
10601
16272
11656
6575
10525
5191
8681
6325
2123
8763
6594
4294
3884
11510
8246
543
2850
7954
5788
125
125
12280
16274
10043
2429
12022
4987
14612
8196
6445
16088
2412
6332
11359
8986
473
165
1282
6797
2288
10045
13391
6582
13929
8516
14827
14471
11366
6397
3875
11490
6521
16155
11380
179
2200
7017
5165
427
15212
11610
131
1240
1558
11489
10225
2030
11654
11507
8826
13941
5168
5832
4138
2713
14348
2581
799
9329
8977
4674
4435
15497
4445
15815
15676
6644
6447
4457
7071
5275
16066
7201
6515
1239
2305
355
3268
13959
11862
12094
11516
645
1542
15653
3357
15890
1850
4156
8834
10827
8830
13268
9940
13274
12698
9231
3534
2761
13688
10604
8036
13369
1420
14550
14608
3725
14905
1491
1300
10382
13585
12815
11027
15127
12084
14384
14632
13933
2156
7081
8376
10986
3965
1931
7875
279
11162
11409
3040
8465
5628
11075
5450
7048
9241
3673
10773
7761
5164
12072
1759
2364
8502
12786
1106
4202
10786
15738
1751
12942
6434
10126
7543
10398
12057
15418
10677
6835
10442
13716
15299
16070
8407
4365
6733
1263
8037
1122
9024
13200
13193
10783
15564
5311
7185
286
9512
1587
16023
11263
14528
6073
5004
5687
87
676
4721
10763
7510
15163
8094
6425
14848
117
10789
5197
1379
2442
6318
10403
15642
3127
4802
14822
8438
11986
15108
1566
13573
14746
12828
11717
