4096
1866
2883
3595
220
556
1842
233
615
3586
3474
2276
41
1492
3312
418
2765
2666
1508
322
1310
115
2270
1301
2401
902
3670
570
3911
3042
1750
623
812
536
121
1031
1091
1963
1264
1706
1453
642
3981
1493
2134
3196
1910
803
1765
3418
1124
3075
3532
3393
279
1836
199
3949
2406
13
2895
59
635
3706
595
755
641
1685
2717
1904
3390
73
2546
3275
1566
583
2375
3476
1386
44
2797
2509
3118
2232
1806
3397
4068
2004
3250
2378
2016
2048
2436
2651
1657
3031
3406
2298
620
2027
106
4010
2099
2651
3188
3665
3234
1466
3044
523
1509
1745
3032
531
3977
741
3928
3948
2744
3081
2229
664
1033
569
3314
2690
3599
2623
891
123
553
996
36
2652
3646
3223
2221
2784
593
1169
3306
2101
2913
2241
2632
2793
2982
2463
2645
1629
1447
778
2293
2479
1346
1511
1072
849
38
1962
971
591
2958
1006
3243
2507
133
1367
1195
725
2535
405
2826
1352
2646
1361
48
1531
3823
2693
3160
1174
3470
1356
3652
720
2867
628
1568
2904
2590
2539
3494
1451
3545
2640
3958
3678
4006
1056
306
2445
1461
3131
3796
10
396
3844
1540
122
2440
604
1295
1814
1960
851
2533
730
1479
4
3633
4068
2543
3031
1423
1992
1574
1285
1573
1484
2341
1878
3929
3801
913
3628
3810
1308
3376
1254
1430
1720
1857
2725
3533
3816
3576
1969
450
958
1973
4083
930
420
3017
2353
2411
494
3637
3983
1978
1881
1764
1810
1585
2677
1342
1299
3985
622
2552
1319
2341
313
4043
1778
33
3522
3746
482
384
1623
469
1313
2042
3485
3666
356
3979
3206
242
1860
991
2006
3670
2575
586
915
3874
475
1536
2330
1793
3877
2642
1739
1558
2675
1165
1208
3157
1548
2830
3625
2861
775
3013
2430
1131
2895
1540
1372
659
2530
3377
232
1009
3963
1147
786
342
2683
3116
2134
2463
1662
3873
4021
240
941
1132
3396
2489
3962
2925
1254
641
1842
3684
1771
640
1127
3142
1299
3657
2423
1531
569
2290
2677
1355
2631
1264
374
668
3727
2035
445
3651
2275
1385
687
1575
3874
552
403
1031
1193
2244
618
2963
2884
1745
2009
86
1305
335
1616
1874
2625
197
3229
1159
1460
3603
1827
1090
1541
2271
645
3816
3656
1332
1294
3433
1884
1696
368
3076
3940
986
1942
2727
2730
3950
2813
4035
189
333
1813
2813
529
945
3972
1989
451
1703
3079
1992
3973
3723
1711
3533
958
3004
2869
2841
604
3236
1821
447
125
3762
3174
2855
3616
1891
2794
3804
2223
510
2521
2752
1454
2396
645
1904
2
3723
3896
3975
3350
1510
3411
212
418
2184
3053
1021
1324
777
1468
1449
442
546
207
4057
2436
3000
3765
563
3509
2189
3315
867
489
3959
2771
490
3586
2570
369
2839
4079
3779
3050
400
1867
2007
1421
3190
2783
2889
542
3225
3434
749
3185
1774
3749
2854
2336
3162
946
1554
4029
1434
1417
2703
1924
906
1176
2292
3744
1159
1975
2698
1558
3841
608
2979
2935
3391
1772
3477
2519
1109
130
1608
2883
3878
365
1123
2944
1311
2676
2876
2744
4093
1482
572
902
2658
2864
550
3816
742
3247
1278
487
3855
160
3421
3149
1931
2802
1571
3040
2931
3178
1826
2713
3543
2948
1561
757
1528
340
3501
1524
1822
4072
2426
383
2839
2975
102
3581
2126
1380
4067
1884
1539
3392
937
3470
2098
2508
2414
932
1590
144
3645
1036
3092
1109
1792
524
1449
1197
2048
3270
1172
377
3653
4011
3351
3754
3495
1380
1037
3466
3264
2576
2761
105
1950
763
2612
268
1694
105
412
1243
1141
3503
2351
2933
4026
3799
33
1978
2972
1205
2354
2528
1119
1609
2186
518
2989
3223
3983
2156
1703
2648
2260
3653
3410
776
3920
1008
881
235
2250
2021
3738
505
858
3668
207
891
1549
3179
2095
3903
1611
3214
1415
3797
3731
307
2924
3618
2463
530
2170
627
87
1483
1402
4007
2491
2283
146
644
208
3883
1148
1065
3455
1355
1955
908
438
4050
714
2048
3167
2128
1748
2802
2435
575
2324
801
1105
397
1427
1192
1879
2829
1102
274
1015
1247
917
1223
1034
2065
2287
393
3420
146
1300
3857
99
2013
1809
3266
44
3556
1972
2479
35
199
3279
1140
595
610
2331
2474
3439
3432
2747
357
583
3664
1580
1617
1633
3866
2009
956
4012
3308
717
15
1224
2525
3280
1268
1985
1156
3746
2019
1354
2929
3159
1949
3538
1393
326
2881
729
3073
3238
1311
2640
721
2927
176
490
839
1132
406
51
1848
420
1274
277
3700
2541
2261
759
2191
184
2113
1024
3342
4061
465
638
290
3346
1366
3363
2487
2677
1906
3207
1508
2082
3697
2347
3214
6
2397
966
425
3671
1242
28
2116
3502
787
210
3685
2899
1233
2930
2863
1698
3568
3153
947
838
2419
3433
3515
229
2544
926
2310
2144
3273
1427
2149
1574
2393
2573
1148
3634
2601
3263
3040
3387
3473
2629
2189
610
1463
956
2307
934
12
3254
1772
2430
2591
1190
2658
1038
2116
872
3181
1293
2299
1233
2866
595
3806
4013
133
2310
3179
3172
1601
2556
1704
3789
3165
3166
649
1375
4
660
533
1775
3090
3123
2965
1652
65
985
2524
3245
2277
726
382
1046
1321
91
962
1454
2401
45
529
4001
2600
2233
3694
1668
1303
246
3043
1307
905
3576
3082
3995
2603
1950
1550
2667
2934
4073
1816
1114
703
2198
2160
2024
2288
3121
3477
593
3166
4006
497
1670
2142
95
3338
3445
340
2285
655
1245
1764
3737
1143
271
1590
2693
2938
428
2670
657
1542
3373
2855
3701
1300
1047
2726
681
1639
1796
590
2136
3465
2732
2230
2707
2080
2570
895
2735
3814
2659
2375
861
2929
3965
3554
1771
296
2128
2428
1838
1404
1186
1442
2704
2232
72
3384
3871
1867
3973
1910
1235
2609
44
3941
593
2613
740
3327
2331
3398
1606
3192
2231
1475
2650
4001
1771
681
2332
3608
2085
3518
954
692
1653
1025
4076
1427
2891
3952
3337
30
2465
3380
3971
3057
1897
614
2288
132
4012
3893
3323
2147
1271
1876
2052
3042
2557
288
2553
545
3805
3506
1236
1362
434
1215
2788
3325
1071
2029
3354
3536
1312
3228
2496
3209
3842
687
3340
3758
484
2566
1809
1754
346
3860
699
2902
52
3252
3447
3856
2661
586
1121
3095
1801
3909
2323
2872
1841
1581
2311
3153
713
710
2265
458
1397
1508
120
1880
4074
1928
3634
323
1692
237
3225
1743
3488
2575
1503
2053
3161
2624
1051
866
2436
3374
3737
181
858
1952
3333
1570
2662
1502
2028
4058
3009
2148
1841
2986
4076
1378
3309
1671
1614
2438
3414
1005
917
820
3058
4077
3443
12
846
1783
3386
487
1964
148
2439
1201
1717
1004
2702
3745
965
1615
1796
2806
505
1775
87
3813
3446
1701
2155
2764
2706
3071
3583
1667
3052
2930
1679
3898
617
969
288
2580
1116
2726
3781
2832
3730
2386
2481
598
4000
181
3404
408
1956
3491
125
1305
1095
2280
4068
3800
1254
3555
1371
209
2389
3050
10
3005
4018
298
1489
1037
3024
1173
3869
2657
3559
2253
3255
3463
2433
2562
3870
292
1956
3995
1597
3051
2178
1568
2755
3432
1027
29
3641
3415
3078
3651
2324
2999
3948
3813
4036
2876
890
3808
1436
353
1964
595
3815
300
3157
3589
592
1017
3488
2188
4067
1569
3756
2726
905
687
2754
449
6
1736
3
2330
639
3951
2046
578
2730
2936
289
70
3288
2253
665
3007
2553
3821
2499
3144
742
1890
1236
713
3459
896
3438
267
1582
2096
716
1587
3832
718
3916
374
572
1866
952
3302
705
1241
3371
3993
3493
4035
2904
1950
3760
1306
997
405
3196
2233
1117
2559
3128
458
2826
613
2554
3541
2200
2289
163
2019
2663
734
3885
3614
4036
494
759
3311
390
155
3249
3294
2105
2913
504
3102
3317
3699
1238
338
2162
269
796
891
882
3349
335
3081
1541
497
1004
107
1231
792
3721
1171
1285
383
385
1675
538
3634
872
2642
2450
1375
1647
1671
978
2885
2008
3139
3153
2804
4030
4035
2056
268
3020
3597
765
4023
3704
1996
718
3329
3166
2003
3711
3550
3677
153
3087
453
2795
1441
1828
345
3111
2805
3229
1023
1848
2286
3826
1782
2225
1786
2050
1148
1286
2814
1074
894
713
1792
126
3879
3794
3837
3332
3375
3989
2323
3827
2687
3763
1558
3032
2777
267
2164
3799
2115
354
3528
3896
2578
1217
1849
3725
2503
566
703
3396
1279
2494
3522
1061
2192
3262
297
1470
3154
2619
1201
1745
2285
2758
680
966
3025
2844
668
1043
3198
100
842
1679
1317
2690
1308
3819
3256
2010
3119
439
408
2544
1500
2599
1710
1796
4069
768
319
1173
2512
2603
3931
3192
3569
2859
1939
140
3901
1041
240
647
2719
1556
3336
4027
1279
2496
1941
302
2934
2348
2845
337
851
459
2133
823
1226
2451
1995
3738
958
1830
2833
430
592
676
570
397
1716
809
1043
339
2365
283
270
3643
2779
2210
3944
1616
462
2693
1953
1312
3151
4085
2134
281
2439
33
4018
3396
1862
2755
3825
2454
3430
299
2850
1049
1107
3893
1388
3471
80
1657
3018
2858
3866
2865
377
231
1462
2330
1543
517
2318
3677
797
661
3710
719
4057
1475
3473
3786
3929
2806
4084
2682
3855
1094
2479
1146
469
2558
2803
3486
1319
2573
2255
1696
2804
3716
4025
250
137
2247
3927
933
2907
3540
1652
2867
919
1028
2556
751
3833
2544
3433
3592
3637
1815
642
10
276
3444
3495
1595
1921
1654
3290
628
1274
3219
878
1410
1369
708
2343
180
151
3994
3047
1069
925
1507
1819
662
4050
1155
158
3591
2970
799
3600
3245
147
2999
743
2067
556
4033
2695
1829
3155
3572
3238
428
183
1485
608
333
1382
3654
1402
2307
1065
3220
2968
1018
279
3125
512
3248
3924
16
2397
4071
3014
3140
2042
3569
3076
640
1301
2135
116
443
2563
298
1927
3170
631
3309
2727
2032
1519
3791
1156
390
713
1435
3515
1225
587
3343
1240
2983
3317
157
2026
1262
3726
1006
1902
931
3141
2017
1373
1607
2315
3300
680
2945
2512
3407
881
4030
3102
2037
324
3815
3471
3839
943
4057
3085
2182
2944
2306
2339
874
3568
1968
1879
1373
2898
924
3390
175
2530
1608
3474
3210
457
1890
2520
1338
1824
1526
3374
2148
1244
2748
1890
2187
2709
879
273
1557
3184
2611
2430
2656
483
213
4029
3380
1136
3322
3555
3666
834
2933
2779
1290
726
1203
2627
2550
2729
1905
601
3972
556
2490
2062
3265
3368
2334
725
2456
849
3155
1015
1331
3367
947
615
407
173
73
4072
1006
3006
2755
2296
3732
3957
827
2185
2589
2731
2785
2465
3287
1179
431
2455
451
2765
3180
2907
3613
2239
3922
848
1509
773
1463
1916
945
1536
1891
1951
445
549
150
80
410
976
2265
2998
3706
954
1367
2897
2132
1797
1256
2583
465
339
1393
4078
2577
1219
829
4086
1991
2292
1905
2935
3827
3796
789
175
248
939
254
657
1915
2519
3655
1524
3472
925
325
1508
2722
1580
4090
3186
1918
1387
3168
399
2605
3997
389
499
2192
2294
3434
1922
1993
126
2096
2241
1065
2350
2897
2979
772
2456
407
148
3380
731
1655
2005
2310
1648
1095
132
3035
167
531
1543
67
919
2041
2259
3212
1379
84
1109
1504
2180
3349
2568
434
2150
1450
1206
509
1857
1353
3889
2587
3007
1798
800
559
2893
931
3593
3059
1462
1039
3126
2380
3080
1288
1496
362
1371
2604
1866
3550
1857
338
3983
4006
1788
1092
418
3644
2445
210
2134
1355
2007
2934
1913
803
3865
1409
3862
1230
2448
2891
3609
1431
82
1009
1793
1452
3613
3658
906
1373
3996
793
1282
1687
1885
1700
1234
233
1910
3368
1588
3917
2205
3501
623
1973
814
389
3202
3261
3279
2715
596
3360
3724
2389
716
3240
1951
1622
517
1850
2415
1798
3536
203
3498
674
436
1311
4041
2024
1131
2150
1428
1754
26
2241
2142
3228
1406
1325
1847
2001
588
1474
293
1304
618
2243
2926
1134
4092
1244
2932
3532
1447
2333
109
1883
3643
54
3906
678
2203
1237
2431
2228
3478
476
1360
787
1800
3207
2788
2388
584
3080
3692
1201
1227
2521
2335
1223
3765
1170
658
1115
3503
766
2998
3050
819
2807
3727
3022
4044
2061
1154
3426
2537
2513
116
241
1623
2903
2629
2207
1887
2225
3408
3113
650
1646
239
318
2816
897
1433
2222
1662
334
1176
2481
3141
806
1407
3088
2867
2560
2417
1307
976
2533
1548
2599
1339
81
710
3226
2305
21
2243
2954
1667
2481
3272
387
3377
609
2609
943
942
3784
3424
4082
493
734
3074
3360
3293
1394
571
173
3926
2118
2772
1169
2198
3481
299
407
3501
2541
3361
1072
925
2536
1458
206
3144
4066
1149
4086
3753
476
4072
150
1210
3049
3509
406
346
4079
579
176
2101
3350
1345
203
2735
1643
609
2140
87
3970
3211
1012
2409
573
1218
1457
542
2366
1446
199
2841
1421
349
4051
374
3858
361
720
3841
939
895
1846
193
2240
2048
2927
3883
2657
971
3970
2530
85
885
843
657
2102
2300
1199
371
3745
1398
3212
1070
1747
3167
1443
1509
3527
2162
1253
370
3057
3098
562
1201
1050
3489
987
3707
363
860
2141
448
1745
2983
1105
3847
1186
2304
122
835
3702
3334
1905
1352
2404
3347
2860
1834
1413
17
2203
374
3115
2765
1575
68
2157
2562
3775
2520
3422
1819
2967
1070
705
4072
821
1891
2279
942
2725
1884
179
533
3236
2582
3880
1999
320
1197
2016
2522
1571
1034
1190
3145
1102
3347
1611
780
1770
936
2598
641
2006
3302
616
2826
1097
2895
3768
3821
682
3946
258
3917
2432
42
1820
2751
1239
3835
1177
2809
772
2367
1858
1874
1618
3468
2653
3388
308
1154
4028
2313
360
548
1042
1456
3442
713
1181
28
563
1439
3944
2995
1480
1668
1650
2718
1407
2826
1431
2178
1097
3288
4052
2714
2660
2608
2005
2967
3762
1937
1183
26
2485
2225
1482
1830
2938
2662
1858
3501
5
1705
2399
1484
3373
4048
106
683
2778
1536
2861
3875
728
2816
2492
3387
1328
401
2258
993
2338
3441
1018
726
1569
2499
2556
411
1065
317
3911
1069
2022
2214
2553
1299
2165
2659
1981
847
99
745
625
827
3561
3117
118
792
3518
2375
1785
1759
1719
2802
2485
3288
1205
945
3698
2270
1261
3513
3339
3283
1630
1796
485
3795
358
2465
545
457
3210
1170
1283
2675
190
1400
3466
3708
3774
1154
1370
1397
3956
3855
588
1065
703
189
3334
1964
3702
2576
1150
1235
275
1634
934
633
3
1479
1089
3212
2648
2372
1790
2838
3771
1160
2449
3449
2314
3819
750
2173
3577
1337
3238
184
1526
2475
2147
1131
955
3296
2366
1230
833
3299
1863
835
681
2951
4047
3329
1227
1741
2071
902
2900
423
255
1118
146
1004
3291
3722
2340
2432
3905
3866
811
1956
901
1765
1155
3266
2995
1988
2469
761
2823
3150
3712
2773
2382
842
418
357
1743
3318
779
1998
339
925
3001
3629
551
1245
1964
359
1014
2774
2315
1914
443
3469
1084
3437
1360
3552
101
86
2605
3813
2859
891
558
3277
1248
2301
2498
2026
202
2836
2951
3202
2369
3501
351
236
3860
1365
3010
2078
3279
3453
1450
266
2794
2810
3818
2894
2896
2327
2610
1659
3218
3168
839
369
1372
3336
2395
1574
2076
1249
680
348
653
1030
584
416
2394
3594
2493
1577
2950
3943
1842
1648
2656
1564
445
1456
3890
3055
3114
3011
2127
3953
3380
3499
3193
1678
976
1172
2926
1655
1520
3579
2684
2104
3994
982
1602
2391
2558
456
2238
304
2103
797
1868
2548
2253
1661
1507
1270
576
3633
1126
3955
3035
222
1536
4010
1394
366
1569
2914
3944
157
922
3842
1139
2523
2137
3697
2978
278
4000
984
1075
1771
3531
3327
3432
941
500
4008
478
1626
3867
3512
1848
1306
3426
3242
1672
898
2059
1520
1055
2980
1265
2193
1406
3401
1793
288
3678
1696
1271
656
3467
706
3983
2803
1646
387
2714
2123
2012
2484
1539
3860
3790
868
3005
1366
1766
968
2885
2820
3947
54
916
1257
3455
2709
1544
3037
308
2815
3693
3775
3520
3579
2482
1070
3965
1100
3193
1881
3584
636
1644
3277
1504
553
547
3270
1520
3431
1993
1371
3485
2909
2628
2843
1521
76
1783
1829
2890
1379
1508
2314
861
3990
3384
730
993
2481
2610
480
3116
158
3757
524
710
207
3793
2229
3638
1690
3600
3026
502
2131
1773
2023
2206
3556
3852
1000
838
1264
3314
1699
1157
2602
2429
2149
986
942
2628
6
1099
2289
529
1809
2495
226
4038
2037
1915
3541
967
2417
1576
2739
344
3782
2198
99
686
3036
1362
3999
639
2519
2505
3067
571
3490
4008
3199
3496
1011
1392
4025
2820
3887
154
2761
1827
2069
2206
2793
389
3781
1436
732
3467
3634
831
56
2574
2193
4055
3212
615
2463
2182
1186
1857
2094
289
1256
3105
1680
1185
1828
1470
1339
493
3297
3407
2698
1994
3796
2383
3429
432
1753
2967
1263
1809
1444
3455
1767
559
4070
133
2741
1159
1989
738
1448
3245
3843
3127
334
1574
501
1672
2067
3797
983
668
1694
683
3051
1027
1114
708
3993
2376
2516
1340
1735
186
1899
1708
319
543
2867
2307
1281
218
1456
1027
3345
1789
2601
3845
3461
571
3546
347
1239
1143
1030
194
2169
2143
901
2066
423
3416
3406
2157
3602
1208
3864
3920
1751
2635
2130
3032
2853
3586
4058
2101
1279
2563
1850
643
3134
1299
990
277
2442
2019
470
515
66
1371
2580
488
690
1889
2644
195
3097
2412
18
751
950
2148
3782
3802
1637
3744
1807
2915
2211
3656
3558
1249
859
451
1525
3300
2470
1995
3814
2535
3365
2298
3022
4054
90
1570
153
3187
3981
170
3938
834
2318
3624
540
3955
3271
2346
2773
1386
1905
2235
2634
2764
2686
63
1968
1059
2057
1685
3594
1325
3983
2520
1283
4073
4089
1436
3163
3974
1606
3004
711
3923
2531
1251
3781
1706
3596
2458
3091
1405
596
1629
73
3282
1692
2040
244
3748
3725
3838
977
3611
2261
2260
3587
2254
3695
2654
2131
1204
1561
2842
1031
4092
4092
715
1701
3592
3173
696
900
3769
2325
973
2954
4016
3012
3197
3667
2640
2939
548
2154
1103
2807
1645
3356
2406
202
1391
3609
1763
136
544
1758
131
1258
3459
3723
334
58
527
6
2383
1499
2960
2302
414
2061
1873
3053
903
2421
1111
2006
1131
2756
1265
3537
2957
2656
3050
624
2791
3593
2382
2922
754
1744
2548
1088
1802
3074
1094
88
476
4053
2390
889
2017
166
3942
2920
2586
957
829
3717
3712
2094
3157
2573
653
2111
3196
3443
1607
1482
2269
2361
3225
720
3448
931
3794
446
1018
173
403
3408
1062
2420
3573
908
1243
2063
1864
2072
1684
1479
69
745
4052
722
2855
3152
69
365
537
2337
2725
3761
3057
2077
595
2754
2523
1613
2926
2926
924
3988
1249
401
799
2492
2464
2663
468
51
46
536
795
1
1257
3650
3153
1326
4014
3689
3662
2643
3354
2622
624
3949
1279
3146
1466
109
1975
2389
1
3224
2790
800
1620
1157
3462
2087
1208
3508
2622
2003
3509
3879
1556
2565
1108
1474
2158
674
21
1415
3295
644
1268
478
3789
2733
587
1668
1026
587
796
3815
1386
2415
876
752
405
2083
163
3027
4086
3672
2810
1545
2140
3917
3019
201
495
3039
1616
3790
3682
2883
171
3375
1519
758
947
2544
1344
1742
2263
2730
60
3139
3482
464
1126
3645
3490
1115
3220
2203
2660
1263
2024
1582
1464
2519
524
3079
2212
110
1865
2383
3485
3384
3140
335
1832
387
2076
4094
3117
2135
3136
2502
2599
165
2050
1993
1280
1174
100
3939
2436
2123
1424
3900
546
1948
2883
2757
2058
652
1043
1446
4035
86
1780
1770
473
3855
1768
3589
1894
808
1994
396
973
4044
2388
2252
1121
2487
2094
3557
514
3518
3361
1059
1370
2147
3816
3427
2798
762
777
2737
848
2557
410
1320
2316
2178
812
113
2985
2806
509
3957
2754
2897
2113
3874
1287
110
3335
1801
3628
2599
2860
901
649
2580
232
3447
3342
1009
2087
93
3565
2497
1413
1784
578
2225
1897
3563
934
2405
3424
3688
1205
1440
3466
2492
1549
2704
197
1081
1207
3056
1981
1856
1540
2213
1206
785
3221
3292
877
2689
1692
2289
376
2270
417
2273
1736
1351
581
1063
942
1786
2502
311
181
4051
3015
377
1035
126
3433
3016
1981
876
1132
3186
1660
257
2382
2537
2945
4074
729
3321
2247
1146
1497
3983
2496
2078
950
3438
3863
3452
3749
4043
3406
2667
324
345
2792
3757
3361
677
536
396
3862
2196
652
2148
636
3597
2125
1365
2821
276
2510
222
163
910
2299
1112
251
2065
468
4000
2012
3874
2570
2335
122
1266
1995
3482
1943
2531
3878
1708
631
434
3856
1267
4030
1884
2631
2755
2160
1045
2976
2323
1955
1178
3435
2206
3243
3902
2109
1158
3679
583
3493
3801
1849
1391
3187
3791
3922
2968
1402
457
3402
1162
1723
3335
3046
258
1993
1109
1303
873
3431
3257
2051
2769
1366
1197
2575
3474
2355
2157
4056
1751
1862
1809
3142
952
1503
2967
3920
2905
3423
3225
4066
1050
2463
3015
1307
360
27
2609
1233
3458
1770
3283
2131
3135
384
610
2513
2738
2766
2473
392
532
185
3533
1483
1687
2404
1307
495
1731
435
464
2780
2898
3479
4087
3257
3506
2600
393
2867
273
3676
902
3407
4059
1511
1824
2700
181
200
3092
713
385
2529
2195
2071
837
3501
2566
2567
3936
3030
1251
2737
2412
1242
1898
1821
3841
2291
592
17
1870
1494
3424
1832
3005
1151
436
3186
1350
3528
3898
1735
1960
1997
3805
2796
1402
2275
1267
1241
1208
2518
3977
3619
3759
1778
1344
3504
4069
1935
3520
1842
3428
2847
3674
2337
3997
14
1426
1251
3541
1227
2985
1404
3223
2694
104
528
872
1370
1769
2079
3888
1649
1602
3550
3427
2945
2958
3399
784
2381
1145
116
1131
722
2452
1032
735
3877
2283
179
1008
1171
1583
135
3864
1686
663
640
3056
2431
2718
2847
4080
224
2301
3411
3168
1162
2713
3952
3542
3858
4067
577
483
2422
1608
1218
2203
3891
1396
3211
965
2979
3345
733
568
4008
1372
3623
2342
4090
2373
2326
218
578
1640
3386
1739
257
3241
1185
18
3211
1761
500
1537
3369
1718
3740
3163
3114
2854
32
1996
2103
764
2563
2014
2136
2090
260
2130
367
2585
2347
944
129
1637
2683
385
781
3867
402
3992
1531
902
1432
804
2619
1075
3966
1636
3929
3998
3631
1935
666
2098
3949
2801
92
112
835
458
2697
3182
1402
2825
722
4084
3209
1503
3854
3611
1398
1288
416
2829
2092
3035
3904
1962
574
3737
1863
109
1576
2528
2207
1428
1233
2298
1540
2067
2755
140
1153
60
2965
1874
48
2078
3376
3901
1592
678
1093
2008
3507
3184
946
3315
1049
1519
2955
2912
1628
434
1343
3834
1862
2575
2035
3401
546
694
3541
1698
754
2410
3572
801
391
2852
606
1982
3529
1698
3990
2939
786
839
2158
1835
2358
1016
650
3985
1450
1992
3723
3311
471
1662
2616
1016
2355
2061
2713
3109
374
2189
3910
764
944
419
2746
377
2117
2639
3316
2902
3477
1377
641
1739
2393
1290
1627
3842
3281
1253
3057
